#Activity	standing going_down standing 
#ActivityID	8 4 8 
#Date 08-22-17-45
acc_rf_x	acc_rf_y	acc_rf_z	gyro_rf_x	gyro_rf_y	gyro_rf_z	acc_rs_x	acc_rs_y	acc_rs_z	gyro_rs_x	gyro_rs_y	gyro_rs_z	acc_rt_x	acc_rt_y	acc_rt_z	gyro_rt_x	gyro_rt_y	gyro_rt_z	acc_lf_x	acc_lf_y	acc_lf_z	gyro_lf_x	gyro_lf_y	gyro_lf_z	acc_ls_x	acc_ls_y	acc_ls_z	gyro_ls_x	gyro_ls_y	gyro_ls_z	acc_lt_x	acc_lt_y	acc_lt_z	gyro_lt_x	gyro_lt_y	gyro_lt_z	EMG_r	EMG_l	act
-7304	-8216	11732	-4	10	-21	-15776	-2168	-2944	37	14	-30	-15872	-712	-2496	5	-6	1	-6880	8616	12632	10	-8	-21	-16584	1904	-2816	12	4	-11	-15904	3048	-3000	1	12	-12	121	134	8
-7348	-8156	11824	-6	14	-23	-15616	-1984	-3064	-43	1	-28	-15888	-624	-2520	-7	12	-1	-6904	8688	12808	11	-10	-23	-16288	1896	-2960	16	-4	-13	-15904	3232	-3000	24	5	-24	121	134	8
-7316	-8144	11792	-7	15	-26	-15768	-2336	-2784	-83	-3	-40	-15888	-736	-2552	-20	-2	-3	-6832	8656	12800	12	-8	-20	-16248	1832	-2760	10	1	-14	-15840	3320	-2360	-5	-11	-27	121	129	8
-7400	-8164	11840	-7	13	-28	-15616	-2528	-2856	-31	8	-29	-16160	-784	-2200	-24	-8	-8	-6728	8688	12832	16	-8	-22	-16264	1824	-2440	-13	9	-11	-15944	3312	-2584	-31	-12	-22	121	132	8
-7360	-8240	11844	-10	11	-30	-15720	-2648	-3216	50	17	-27	-16272	-864	-2400	-23	0	1	-6712	8536	12600	15	-5	-23	-16352	1888	-2536	-27	14	-11	-15728	3064	-2512	-26	-9	-12	121	131	8
-7356	-8184	11844	-13	13	-30	-15848	-2368	-2888	75	19	-34	-15952	-960	-2536	10	8	10	-6832	8760	12760	17	-10	-22	-16368	1856	-2680	-31	22	-20	-15696	3240	-2960	-4	-5	4	121	132	8
-7360	-8188	11732	-10	13	-29	-15760	-2208	-3008	35	16	-23	-15856	-872	-2536	16	4	20	-6760	8624	12640	14	-8	-26	-16368	1784	-2768	-30	14	-19	-15800	2936	-2912	10	-3	4	121	133	8
-7340	-8180	11756	-13	15	-26	-15648	-2256	-2792	-3	5	-24	-16064	-944	-2496	43	-3	14	-6816	8528	12816	17	-6	-22	-16288	1656	-2792	-35	10	-13	-15568	2760	-3104	9	-1	-12	121	132	8
-7288	-8164	11836	-7	10	-26	-15664	-2144	-3064	-13	6	-36	-16096	-608	-2384	59	1	8	-6960	8568	12464	21	-2	-22	-16392	1568	-2944	20	4	-10	-15928	2928	-2904	32	-5	-16	121	132	8
-7272	-8248	11816	-5	7	-33	-15704	-2576	-2832	-23	10	-26	-16048	-760	-2336	45	9	17	-6808	8624	12688	24	-6	-18	-16200	1336	-2776	56	4	-4	-15768	2872	-2632	27	-28	-3	121	131	8
-7320	-8204	11776	-10	13	-27	-15712	-2792	-2808	59	18	-25	-16008	-992	-2200	59	-7	25	-6752	8576	12848	24	2	-15	-15952	1704	-2792	56	9	7	-15760	3032	-2592	50	-40	-12	121	133	8
-7372	-8240	11744	-9	8	-27	-15824	-2808	-3008	74	22	-33	-15904	-848	-2472	83	-4	13	-6880	8480	12872	29	-4	-16	-16504	2048	-2488	20	-3	4	-15856	3144	-2960	65	-30	-9	122	132	8
-7320	-8180	11792	-2	0	-29	-15616	-2080	-3144	69	33	-24	-15944	-872	-2488	82	-2	9	-6848	8528	12696	32	7	-18	-16392	1624	-2864	-13	-7	-2	-15928	3024	-2840	61	-22	0	121	131	8
-7384	-8100	11888	1	2	-35	-15728	-2392	-2904	5	27	-35	-15960	-880	-2264	71	-9	20	-6848	8728	12888	38	7	-16	-16400	1392	-2720	33	-1	-1	-16104	2864	-2768	65	-2	-3	122	135	8
-7300	-8272	11896	-1	2	-31	-16008	-2776	-3016	32	27	-34	-16088	-792	-2648	47	10	30	-6872	8656	12760	40	2	-22	-16288	1744	-2872	70	-16	8	-15952	3072	-3040	75	-2	-7	121	133	8
-7308	-8268	11716	-7	9	-23	-15856	-2832	-3008	115	34	-30	-16304	-880	-2808	26	12	24	-6864	8696	12752	31	-6	-18	-16200	1936	-2760	41	-15	13	-15688	3080	-2792	68	-8	-3	122	132	8
-7336	-8200	11700	-8	7	-22	-15824	-2496	-3160	106	21	-16	-16032	-776	-3240	32	12	30	-6864	8504	12832	33	0	-18	-16232	1880	-2840	17	-6	3	-15616	3304	-2408	33	-32	0	122	131	8
-7332	-8144	11756	0	6	-22	-15552	-2168	-3136	14	5	-19	-15704	-760	-2328	56	3	18	-6824	8616	12936	30	-5	-20	-16408	1952	-2424	-44	-8	5	-15800	3224	-2920	15	-23	-1	122	133	8
-7292	-8148	11872	-9	13	-30	-15568	-2152	-3120	-58	-8	-30	-16048	-600	-2248	48	-5	6	-6752	8664	12504	29	-9	-21	-16624	1824	-2784	-73	-16	6	-15736	3064	-2768	33	0	-7	122	132	8
-7304	-8152	11752	-9	12	-28	-15840	-2672	-3144	-64	-3	-26	-16152	-568	-2568	32	-4	7	-6736	8688	12648	24	-12	-25	-16272	1472	-3064	-11	-12	1	-15688	3032	-2928	46	21	-2	122	131	8
-7292	-8268	11732	-15	15	-24	-15768	-3088	-2872	45	4	-20	-16128	-936	-2488	-15	4	19	-6856	8624	12648	16	-8	-24	-16376	1480	-2784	4	-17	-4	-15712	3000	-2808	53	19	-6	121	133	8
-7268	-8276	11764	-16	17	-24	-15744	-2504	-2984	86	14	-14	-16096	-1104	-2776	-41	8	23	-6888	8768	12640	23	-17	-28	-16336	1936	-2712	30	-25	8	-15912	3080	-2736	64	2	-14	122	134	8
-7324	-8248	11772	-12	14	-23	-15744	-2152	-3112	17	2	-14	-15792	-720	-2744	-21	10	12	-6736	8016	12672	21	-16	-20	-16232	1840	-2800	-11	-21	-3	-15952	3216	-2400	39	-18	6	122	133	8
-7360	-8172	11792	-10	13	-19	-15712	-2296	-3120	-54	-11	-25	-15904	-528	-2632	-5	6	13	-6864	8712	12680	26	-23	-33	-16352	1816	-2144	-47	-2	-11	-16032	3400	-2472	18	-21	16	122	133	8
-7328	-8208	11852	-10	14	-25	-15704	-2640	-2960	-69	-9	-21	-16008	-680	-2440	-10	-1	15	-6824	8728	12896	8	-29	-34	-16144	2032	-2888	-97	2	3	-15768	3368	-2240	14	-14	16	122	131	8
-7316	-8180	11844	-14	19	-22	-15704	-2824	-2800	17	-7	-18	-16152	-952	-2648	-17	2	7	-6888	8504	12616	5	-22	-32	-16080	1296	-3104	-76	18	-12	-15600	3160	-2528	-4	-6	13	122	136	8
-7312	-8248	11760	-20	16	-23	-15672	-2528	-3064	55	-1	-9	-16088	-1008	-2528	-38	1	10	-6848	8368	12696	6	-25	-30	-16320	1488	-2696	-19	7	-9	-15760	3200	-2384	-10	-3	6	122	133	8
-7352	-8208	11668	-12	13	-20	-15616	-2384	-3072	-8	-2	-10	-15936	-928	-2400	-39	-4	8	-6872	8632	12608	7	-19	-28	-16480	1672	-2688	-3	12	-2	-16000	2920	-2424	-8	-1	-9	122	132	8
-7336	-8160	11816	-5	12	-21	-15672	-2248	-3256	-57	-8	-17	-15800	-984	-2712	-20	-1	13	-6856	8632	12840	13	-8	-29	-16560	1720	-2344	-5	17	4	-16000	3048	-2456	-8	-16	-4	122	134	8
-7244	-8192	11788	-10	7	-23	-15840	-2576	-2952	-53	-6	-19	-16072	-896	-2632	7	-5	23	-6680	8616	12712	25	-11	-33	-16280	1800	-2800	-35	25	-2	-15936	3072	-2480	-2	-16	8	122	134	8
-7312	-8252	11780	-15	14	-19	-15920	-2728	-2976	16	-4	-16	-16216	-920	-2272	14	12	31	-6944	8456	12768	25	-8	-31	-16256	1504	-3048	-40	26	6	-15832	3000	-2568	7	-9	15	122	134	8
-7332	-8248	11816	-18	22	-23	-15680	-2520	-3024	46	6	-10	-16176	-912	-2712	2	11	30	-6976	8512	12704	27	-3	-28	-16248	1432	-3056	-15	24	-2	-15624	2808	-2816	11	0	8	122	133	8
-7384	-8160	11884	-19	19	-24	-15720	-2256	-2920	5	8	-10	-15896	-728	-2496	-1	-7	21	-6704	8512	12728	23	-6	-21	-16328	1408	-3232	17	19	7	-15624	2824	-2728	32	-3	-7	121	135	8
-7356	-8156	11684	-12	21	-23	-15640	-2280	-2808	-54	0	-12	-15920	-784	-2400	-7	-19	11	-6840	8504	12568	24	3	-17	-16344	1536	-2800	52	17	15	-15768	2624	-3080	51	-4	-2	121	135	8
-7312	-8216	11800	-12	15	-24	-15688	-2584	-2568	-48	7	-13	-15992	-1000	-2760	-20	-16	2	-6864	8608	12680	20	7	-18	-16304	1656	-2856	66	9	18	-15672	2976	-2976	77	-6	-14	122	136	8
-7268	-8172	11720	-9	14	-26	-15784	-2816	-2912	18	14	-10	-15936	-928	-2600	-6	-15	14	-6736	8712	12560	19	-3	-26	-16424	2000	-2992	20	-6	23	-15744	3104	-3176	85	15	-13	121	133	8
-7344	-8272	11844	-8	14	-17	-15648	-2672	-3320	75	10	-10	-15896	-1024	-2968	5	4	26	-6840	8368	12632	13	-2	-22	-16504	1688	-3248	-26	-21	10	-15704	3176	-3096	49	18	-8	122	135	8
-7316	-8220	11708	-10	12	-24	-15728	-2528	-3104	21	3	-5	-15984	-1040	-2736	35	-13	26	-6728	8552	12936	14	-2	-21	-16208	1304	-2976	10	-22	13	-15888	2936	-2920	-11	11	10	122	134	8
-7348	-8168	11844	-12	14	-25	-15672	-2232	-3328	-18	-7	-6	-15816	-688	-2512	51	-8	22	-6792	8544	12568	16	-7	-15	-16480	1712	-2848	46	-30	19	-15928	3176	-2792	-17	-5	5	121	131	8
-7304	-8224	11812	-9	12	-24	-15672	-2616	-2968	-33	-4	-11	-16016	-744	-2640	21	-15	17	-6752	8528	12640	20	5	-19	-16368	1776	-2528	26	-24	21	-15960	3176	-2416	8	-15	-7	122	135	8
-7292	-8248	11736	-11	12	-28	-15464	-2568	-2888	-24	-7	-6	-16008	-872	-2384	-8	-13	20	-6888	8616	12688	20	2	-20	-16352	1984	-2768	20	-18	22	-15800	2872	-2744	23	-6	-9	122	134	8
-7344	-8184	11720	-13	14	-24	-15800	-2544	-2784	37	9	-6	-16008	-792	-2856	9	-16	16	-6888	8672	12888	22	1	-16	-16200	1488	-3096	9	-23	15	-15840	3064	-2824	60	-3	-15	122	132	8
-7328	-8192	11752	-7	14	-23	-15640	-2416	-2992	36	6	-7	-15896	-576	-2528	9	-13	17	-6784	8512	12872	23	-7	-15	-16408	1704	-2888	22	-27	23	-15928	2968	-2760	63	5	8	122	134	8
-7340	-8148	11800	-10	13	-20	-15512	-2312	-3120	33	2	-6	-15960	-704	-2624	16	-13	26	-6888	8584	12776	19	-5	-15	-16624	1872	-2888	23	-21	13	-15720	2952	-2880	62	7	5	122	134	8
-7308	-8220	11880	-14	15	-25	-15816	-2584	-2944	-21	-13	-8	-16032	-888	-2832	8	-9	30	-6928	8608	12560	20	0	-21	-16224	1656	-2872	15	-35	18	-15848	3224	-2760	42	-1	10	122	136	8
-7324	-8220	11860	-17	16	-25	-15728	-2752	-3024	1	-6	-10	-15976	-816	-2648	27	-20	20	-6832	8632	12824	14	-2	-15	-16240	1624	-2728	23	-27	15	-15704	3200	-2520	37	-3	9	122	134	8
-7400	-8236	11844	-12	14	-30	-15488	-2552	-2896	7	-6	-8	-15880	-688	-2584	27	-26	7	-6848	8632	12560	13	-3	-18	-16448	1752	-2704	30	-27	22	-15728	3232	-2536	28	-9	6	122	132	8
-7364	-8228	11868	-8	11	-26	-15680	-2288	-3024	-5	-3	-4	-16064	-896	-2056	5	-29	9	-6736	8688	12512	18	-4	-21	-16328	1632	-2632	14	-29	15	-15944	3056	-2760	22	-3	-3	122	132	8
-7376	-8224	11840	-11	11	-24	-15808	-2472	-2896	-14	-5	-11	-16328	-1048	-2344	-27	-20	21	-6920	8560	12752	22	-5	-21	-16320	1496	-2952	21	-27	20	-15840	3048	-2672	25	2	-11	122	136	8
-7368	-8180	11744	-16	14	-22	-15800	-2456	-2872	-18	4	-10	-16056	-808	-2848	-21	-11	20	-6872	8616	12976	20	1	-21	-16360	1504	-2440	26	-18	19	-15896	3096	-2416	16	2	-22	122	134	8
-7300	-8168	11696	-18	13	-24	-15816	-2584	-3056	-13	3	-5	-15736	-688	-2648	7	-27	18	-6952	8600	12752	24	3	-15	-16296	1872	-2952	26	-24	23	-15904	3184	-2472	25	3	-16	122	133	8
-7372	-8148	11780	-16	15	-21	-15624	-2400	-3120	12	-5	-8	-15824	-712	-2784	12	-19	13	-6752	8704	12616	23	-2	-15	-16280	1696	-2696	35	-16	13	-15752	3240	-2320	26	-7	8	122	134	8
-7352	-8220	11780	-15	17	-23	-15688	-2456	-3048	-7	-12	-9	-16000	-944	-2472	-4	-18	11	-6704	8560	12800	17	-2	-18	-16168	1640	-2544	29	-11	16	-15744	3088	-2816	13	-16	12	122	133	8
-7384	-8116	11732	-11	17	-24	-15624	-2464	-2984	-18	-11	-10	-15952	-1000	-2488	-8	-25	13	-6752	8568	12776	21	5	-17	-16456	1592	-2704	12	-13	24	-15936	3008	-2824	22	-8	-5	122	134	8
-7360	-8248	11784	-10	12	-26	-15600	-2536	-2912	-16	-6	-7	-16000	-904	-2280	0	-29	14	-6824	8600	12640	23	4	-19	-16464	1600	-2704	9	-16	15	-15888	2976	-2880	19	11	-13	121	135	8
-7388	-8228	11756	-16	13	-26	-15744	-2440	-2936	-4	-1	-7	-16096	-784	-2512	0	-29	16	-6728	8608	12608	22	2	-13	-16304	1480	-2696	33	-13	16	-15688	3064	-2480	15	8	-16	121	134	8
-7324	-8212	11808	-11	12	-20	-15584	-2368	-2944	16	2	-5	-15848	-848	-2376	-6	-23	18	-6776	8736	12512	18	3	-15	-16208	1872	-2376	46	-14	15	-15952	3112	-2512	2	-12	-8	121	133	8
-7372	-8176	11764	-9	11	-23	-15680	-2320	-2872	6	-2	-7	-15928	-792	-2592	-16	-22	15	-6768	8544	12832	19	2	-17	-16464	1744	-2528	18	-1	19	-15904	3088	-2592	-8	-30	-1	121	134	8
-7340	-8160	11752	-12	11	-26	-15840	-2464	-3008	-7	-3	-10	-15856	-776	-2512	-2	-31	11	-6808	8720	12640	15	-4	-17	-16360	1880	-2728	-2	-2	19	-15888	2976	-2568	9	-23	1	121	131	8
-7312	-8148	11800	-14	10	-25	-15744	-2600	-2992	-6	-4	-7	-16032	-776	-2392	19	-24	13	-6928	8784	12416	18	0	-19	-16464	1656	-2896	0	-4	16	-16088	3016	-3048	27	-10	9	121	135	8
-7352	-8192	11764	-17	15	-27	-15688	-2544	-2944	6	-8	-6	-15928	-856	-2752	12	-17	16	-6888	8592	12656	20	6	-19	-16368	1584	-2584	28	-13	10	-15872	3072	-2736	26	-13	3	121	131	8
-7352	-8180	11752	-11	9	-26	-15632	-2240	-2824	3	-2	-11	-15968	-656	-2264	16	-35	14	-6784	8792	12696	13	-1	-19	-16464	1568	-2904	37	-15	17	-15856	2968	-2568	10	-22	0	121	133	8
-7316	-8212	11820	-12	10	-25	-15728	-2256	-2832	2	-3	-10	-16080	-728	-2480	5	-38	8	-6920	8680	12920	14	2	-14	-16328	1632	-2432	42	-4	17	-15776	3080	-2504	3	-29	-5	121	127	8
-7360	-8184	11768	-13	12	-26	-15848	-2544	-3088	3	-1	-9	-16000	-872	-2168	-3	-36	11	-6912	8568	12640	13	1	-13	-16264	1680	-2616	16	-4	18	-15848	2824	-2576	-6	-35	-3	122	131	8
-7328	-8196	11832	-18	11	-26	-15704	-2712	-3168	22	1	-7	-16016	-1000	-2624	-3	-19	16	-6968	8544	12544	14	2	-12	-16232	1560	-2528	8	-1	15	-15776	2976	-2608	14	-44	2	122	132	8
-7288	-8260	11784	-16	13	-25	-15656	-2424	-3072	9	-1	-5	-16032	-936	-2424	15	-36	10	-6784	8560	12624	8	9	-10	-16264	1400	-2896	28	-7	20	-16024	3120	-2528	28	-60	12	123	136	8
-7304	-8248	11876	-19	15	-27	-15816	-2584	-3032	8	-2	-5	-16392	-1016	-2544	10	-44	-4	-6856	8176	12752	9	2	-7	-16232	1016	-2712	74	3	37	-17040	3152	-2616	4	-173	37	120	133	8
-7360	-8204	11784	-27	18	-28	-15864	-2304	-3008	-15	4	-14	-16392	-712	-2496	19	-45	-12	-6696	8560	12824	28	13	-5	-16464	1496	-2840	180	25	72	-15520	3096	-2976	-21	-161	82	121	133	8
-7324	-8228	11796	-34	21	-30	-15680	-2696	-2816	-19	-6	-9	-17128	-1264	-2104	5	-95	-56	-6920	8744	12736	18	2	-8	-16256	1600	-2312	211	35	87	-14952	2496	-2208	-16	-127	51	122	128	8
-7328	-8276	11988	-72	64	-32	-15992	-2432	-2280	42	-27	-13	-16840	-1424	-1944	76	-108	-121	-6952	8576	12736	17	-14	-6	-15640	2104	-976	345	79	122	-15328	2408	-2040	-31	-141	29	121	133	8
-7416	-8344	11732	-77	67	-36	-15728	-2416	-1928	-3	6	-13	-16024	-1096	-1704	181	-95	-183	-7000	8528	12592	65	-39	2	-15496	1864	-2800	426	139	219	-15648	2912	-1552	62	-222	-13	123	134	8
-7564	-8092	11976	-145	89	-63	-15504	-2656	-88	-113	18	-32	-16848	-1256	-1544	286	-119	-230	-6736	8016	13224	152	-38	29	-15744	1216	-3840	485	263	165	-16648	4088	-304	38	-318	48	123	130	8
-7712	-8304	11896	-195	57	-111	-14800	-2312	-3072	-21	121	-77	-15672	-1232	-760	352	-185	-300	-6832	8256	12824	218	-13	78	-16072	1640	-2296	348	385	79	-16192	4168	320	-41	-381	107	123	134	8
-7360	-8428	11568	-194	15	-161	-15072	-2904	-3640	55	226	-33	-15400	-1472	-728	270	-226	-317	-6656	9184	12632	210	14	60	-17016	2800	-2736	112	384	14	-16496	4280	-816	67	-342	31	120	131	8
-6932	-8452	11512	-184	-15	-143	-16088	-2536	-3296	244	291	3	-16080	-1080	-1808	178	-242	-235	-6480	9344	12568	139	9	26	-16768	2720	-3808	19	311	-24	-17000	5216	-2744	291	-210	-4	120	134	8
-7376	-8604	11556	-193	-20	-130	-16136	-2320	-3648	220	284	5	-15696	-152	-2424	142	-220	-159	-6864	9352	12392	129	10	18	-16792	2320	-4584	137	231	-81	-15008	4824	-3344	295	-44	15	121	129	8
-7548	-8516	11644	-189	-58	-127	-15280	-1568	-4096	-88	273	-38	-15216	-456	-2296	9	-183	-136	-6976	8960	12504	162	10	35	-16104	1320	-3824	333	224	-92	-14824	3656	-2248	121	-103	-35	123	139	8
-7304	-8384	11740	-177	-75	-140	-15216	-1856	-3936	-189	219	-68	-15584	-736	-2368	-15	-142	-137	-6880	8912	12480	206	-6	61	-15536	1360	-3256	500	272	-76	-15504	3576	-624	75	-200	-68	121	131	8
-7028	-8428	11512	-141	-68	-136	-15640	-2200	-4016	-70	198	-86	-15416	-368	-1872	-23	-121	-127	-6688	8752	12392	186	-7	71	-15888	2696	-2800	352	336	-119	-15376	3368	1096	57	-318	-43	121	133	8
-6832	-8176	11568	-127	-53	-122	-15704	-2008	-3464	42	182	-104	-15664	-632	-1400	-74	-51	-122	-6808	9232	12424	150	-11	56	-16160	3104	-2208	116	411	-211	-15496	3928	2584	163	-389	-4	119	129	8
-7248	-8596	11608	-136	-47	-123	-15536	-2144	-3888	-52	198	-112	-16056	-880	-1160	-135	-8	-126	-6480	9312	12304	74	-11	29	-15936	2512	-1480	120	529	-289	-15936	4304	2720	192	-399	14	123	131	8
-6644	-8492	11392	-126	-36	-102	-15464	-1920	-3040	-47	192	-127	-15568	-928	-1744	-196	32	-120	-5504	9832	11800	4	6	-24	-16696	3720	248	204	698	-379	-15800	7456	6464	314	-653	152	125	134	8
-6760	-8600	11152	-78	-14	-89	-15240	-2000	-3576	-92	185	-146	-15344	-1680	-1648	-259	70	-118	-6408	8928	12448	-67	16	-113	-16336	3896	-24	155	872	-438	-16600	8352	9000	331	-953	259	121	125	8
-6888	-8916	10912	-6	-2	-71	-15040	-2776	-3568	-104	180	-177	-15040	-2432	-1616	-162	87	-84	-6416	9872	12160	-161	38	-235	-16408	3128	1552	214	1166	-605	-16072	9000	11800	270	-1342	393	126	133	8
-6880	-8848	10900	93	3	-62	-14984	-3296	-3400	147	196	-176	-15200	-2280	-1584	40	102	-58	-6096	9616	13400	-97	57	-331	-16552	488	584	326	1461	-593	-16064	9128	13928	355	-1700	516	117	126	4
-6708	-8640	11060	213	17	-35	-14944	-1856	-3712	327	223	-189	-15752	-1032	-1720	242	109	-64	-5888	9640	14928	220	154	-408	-19600	-640	-2136	246	1804	-622	-14048	8176	8848	491	-1796	411	131	130	4
-6720	-8044	11572	330	44	12	-15272	-1440	-4024	358	191	-236	-15944	1608	-1912	337	82	-20	-4944	14224	18016	233	843	-738	-23712	-256	-3136	227	1971	-650	-16248	5304	5144	573	-1730	158	122	131	4
-7032	-7944	12240	334	63	39	-15672	-1360	-4840	256	134	-311	-16640	1408	-3040	-41	60	37	-5704	12832	19216	444	1794	-1136	-24800	-200	-2816	282	1995	-656	-24264	2344	9528	-432	-2234	-36	113	129	4
-7076	-9276	11852	303	63	44	-16672	-4008	-5328	48	52	-331	-16480	-888	-4128	-533	66	-46	-5072	12680	18176	136	2668	-1559	-27168	-1816	-3320	437	2086	-748	-32016	1920	5792	-511	-2298	189	111	132	4
-7132	-9104	11632	265	28	39	-16264	-4192	-4728	95	8	-294	-16072	-2904	-4024	-629	134	-95	-9496	13872	16712	287	3070	-1958	-21264	136	-5600	672	2249	-770	-25624	1736	2352	-97	-1785	526	100	133	4
-7176	-8320	12012	208	8	32	-15464	-3096	-4896	-61	-18	-241	-16328	-3096	-3320	-486	178	-67	-14264	19120	16352	-589	2521	-2080	-18000	648	-10880	495	2089	-806	-19000	-1088	-2464	300	-1386	129	123	130	4
-7176	-7900	12340	73	56	16	-15896	-3088	-4520	-222	-30	-238	-16384	-2680	-2072	-190	214	-1	-11048	8344	12744	-529	2266	-1910	-12376	896	-12600	-335	1728	-696	-16296	-648	-5544	336	-1227	93	122	131	4
-7200	-8164	12264	-87	125	-1	-16144	-4560	-4272	-248	-12	-183	-16088	-3064	-2024	-53	259	123	8200	15776	9840	-593	1869	-674	-12080	-5752	-3656	-529	1010	-649	-16696	-40	-6328	217	-1088	455	122	131	4
-7448	-8848	11756	-145	147	-4	-15376	-6264	-2672	-310	38	-66	-15272	-5616	-1288	-118	302	68	9296	11744	8520	-617	1501	639	-10928	584	1464	387	173	-300	-16864	1120	-5280	255	-1235	721	119	128	4
-7360	-9012	11436	-115	113	2	-14760	-5608	-1568	-290	118	16	-14488	-6984	88	-54	330	-61	7496	6440	11424	-326	926	539	-6896	2280	-864	-654	-713	-42	-15056	2336	-4144	87	-1127	746	112	130	4
-7316	-8792	11652	-61	68	12	-14304	-4072	-872	-357	234	63	-16008	-6208	2416	-135	277	-106	7472	5616	11656	-444	-94	186	-6456	432	-1376	-1151	-1419	170	-12208	2624	-4424	-169	-884	460	113	134	4
-7128	-8632	11556	-20	51	18	-14688	-4192	-112	-402	384	88	-15920	-5272	3920	-141	192	1	5912	4720	10536	-248	-939	-61	-6760	-1592	-1968	-982	-2070	216	-10296	2264	-4896	-96	-531	60	133	131	4
-7304	-8632	11472	19	35	34	-14408	-5480	824	-136	609	124	-15616	-5312	4760	-270	39	5	3840	6504	8856	-38	-1398	-64	-7352	-3040	-3360	-553	-2765	343	-9296	2312	-4640	-196	-308	-161	120	133	4
-7252	-8704	11552	62	11	50	-13800	-5576	728	199	897	172	-15704	-6184	5288	-433	-171	-109	2104	5776	6928	196	-1252	50	-9264	-3848	-3616	252	-3357	424	-8424	1904	-3952	-637	-104	-175	121	134	4
-7228	-8604	11532	102	0	68	-13800	-3968	176	353	1189	212	-15872	-6416	5472	-471	-225	-138	-2088	6776	6464	422	-642	178	-10352	-2832	-4728	676	-3706	497	-7808	72	-3560	-1136	-20	-166	123	129	4
-7440	-8272	11664	145	-14	79	-13576	-2520	88	221	1479	200	-13760	-5504	7696	-377	-602	-367	-8408	8176	7104	433	-11	399	-10512	-1304	-6920	602	-3771	547	-8560	-1944	-3448	-1497	143	-131	115	137	4
-7284	-8400	11936	140	-9	69	-13168	-3048	-688	-61	1776	201	-12480	-4800	6480	-281	-633	-220	-14208	9680	7048	204	360	920	-10152	-440	-8320	186	-3665	528	-8496	-2480	-1632	-1282	234	-41	119	124	4
-7076	-8856	11448	159	-18	113	-12928	-5072	-3432	197	2014	206	-10704	-3064	-1136	-2	-554	-164	-18512	7432	6016	-34	566	1579	-10824	1584	-8848	-604	-3510	508	-8368	-408	1072	-890	393	25	124	131	4
-7272	-8792	11244	321	-112	213	-12400	-4848	-7032	565	2084	194	-11264	-2152	-4624	108	-387	-341	-21528	3472	3848	-196	684	1771	-13312	2880	-8992	-1310	-3224	318	-8760	1344	4032	-653	711	75	128	122	4
-7532	-7808	11468	438	-157	268	-11936	-2160	-9992	697	1990	142	-12976	-168	-7184	187	-255	-496	-24968	-208	2136	31	668	1411	-14064	2568	-10600	-2078	-2826	218	-9328	1712	5552	-547	1259	21	111	133	4
-7692	-6440	12276	385	-92	180	-12320	712	-12584	473	1828	105	-13912	1136	-4608	471	-111	-417	-27256	56	744	493	449	1011	-14680	-56	-10584	-2366	-2221	4	-13360	1584	8920	-232	1460	-362	132	126	4
-7300	-7388	12376	275	7	96	-13376	-1096	-8736	22	1703	92	-15768	-1568	-592	384	-12	-237	-26344	-512	-128	786	182	681	-14720	-2960	-9904	-1454	-1590	67	-18224	2488	11624	59	1118	-771	118	126	4
-7028	-7536	12472	191	102	176	-13472	-1816	-7648	32	1779	-21	-14560	144	2832	701	-103	-145	-24936	-1216	208	904	58	261	-15784	-3512	-9416	347	-982	348	-18240	5624	12392	264	1005	-722	118	145	4
-6808	-7884	12716	59	230	314	-13904	-1152	-6648	-177	1949	-74	-14544	1064	2920	452	-202	-178	-23760	-3040	704	1371	-18	-93	-15440	-400	-7840	1878	-432	441	-17216	7376	11736	662	703	-255	128	134	4
-7164	-8988	12648	63	338	555	-12976	-2880	-8880	-378	2027	-223	-13104	624	-968	305	-175	-147	-23296	888	-696	1461	-284	-390	-14600	2232	-4096	2570	325	374	-14544	4336	11224	1037	855	-156	130	137	4
-8188	-7704	12304	61	389	707	-11864	-2624	-12784	-668	2013	-314	-13112	-1120	-3000	-503	-58	-43	-20120	40	-1776	1151	-103	-1171	-14936	4008	-1416	2319	1024	348	-15720	2560	10736	1541	607	-305	135	125	4
-8256	-6816	13272	-61	495	661	-12224	-1856	-12248	-1017	1974	-243	-14848	-4184	1880	-918	-60	-5	-32768	32767	1440	-2927	-1340	1371	-14944	16872	-12784	1009	1790	252	-18264	4376	9064	2144	195	-250	129	134	4
-7516	-8400	15664	-51	949	823	-18568	-2728	-10192	-1231	2122	-228	-16544	-8696	7088	-520	-298	137	-20832	32767	22776	-48	-2251	1987	-28544	4712	936	518	2364	78	-15200	14600	1176	2524	742	517	122	134	4
-7740	-12024	17468	48	1828	1317	-24928	-4672	-11648	-1263	2530	-97	-18872	-11480	10576	379	-777	193	-3072	12296	19456	-1806	-2575	879	-30224	3432	15944	-1462	1439	-125	-29336	10992	5776	1102	1500	765	127	137	4
-7248	-12688	19028	219	2989	2048	-27904	-3040	-14232	-1204	2935	30	-24360	-7696	9880	1117	-1143	93	-7760	11168	17288	-1136	-1889	298	-20824	-9856	2856	-2171	1511	16	-24632	-816	9560	-352	554	275	109	127	4
-7600	-13664	20056	426	4084	2762	-30192	-1192	-14064	-1583	3125	93	-29488	-5088	9024	1122	-1543	73	-7408	6584	17144	-799	-1326	331	-22240	-9816	640	-127	2111	126	-17528	-96	3992	110	669	215	122	131	4
-9628	-15648	20428	763	4853	3598	-32624	-1920	-14912	-1739	2933	116	-32424	-3232	10176	554	-2045	-18	-7720	9512	16624	-485	-581	619	-19440	1848	-6128	-346	1715	114	-16872	560	-3000	-134	428	405	125	135	4
-10192	-20172	20036	958	4972	4719	-27312	-1392	-8256	-2432	2731	43	-32520	328	6552	104	-2414	-111	-7976	15160	11672	-775	-178	250	-20232	10288	-2656	-807	1588	-30	-17440	8080	152	401	-160	314	126	134	4
-16308	-9472	17212	1037	4646	4460	-12872	-1152	-12864	-3632	2280	-192	-27312	3528	-5488	-476	-2652	-322	-6608	10632	13088	-370	-223	-70	-21232	608	-4144	-1586	1221	239	-20752	10136	-3056	-29	-62	488	123	137	4
-7540	-7336	11484	1075	3616	3289	-4640	752	-12112	-1693	1575	9	-20112	416	-10208	-1237	-2561	-477	-7512	8504	12896	-183	-94	-43	-18112	-1656	-10576	-923	1246	-99	-17208	3888	-6384	-718	63	353	119	136	4
26776	-10964	23040	236	891	1832	-2880	-1312	4576	-888	52	258	-21232	-4088	-9256	-1419	-2394	-694	-7600	8624	12464	-119	-53	4	-16400	504	-10240	-305	1078	112	-16752	1744	-4472	-1007	162	89	122	139	4
19748	-17112	15968	-248	-2524	762	1496	-4760	5712	922	-1529	-106	-20096	-6488	-4344	-836	-2182	-690	-7584	8816	12488	-109	-86	28	-14552	1776	-7568	-12	712	161	-14944	5144	-1944	-631	365	24	122	143	4
18756	-9108	5136	-63	-2925	242	4736	5664	1264	1496	-2804	-414	-16432	-3936	-6712	-157	-1798	-685	-7408	8304	12560	-16	-58	62	-14352	1752	-7616	24	688	143	-15048	7464	1680	-547	389	198	160	144	4
13556	-13272	2232	-384	-2938	-881	-1752	4464	-368	-332	-3599	-281	-11656	-616	-7712	6	-1471	-432	-6768	8912	12512	72	-6	52	-18136	1128	-3992	333	749	-85	-16280	6072	2992	-836	363	204	117	143	4
9904	-10596	1280	-499	-2439	-1920	-7600	-536	-920	-569	-4263	-64	-8472	224	-8632	-79	-1064	-73	-7144	8512	12320	134	29	22	-16520	2576	-3808	104	838	-43	-15632	3560	4360	-1041	256	60	134	141	4
4668	-10804	2760	-693	-1741	-2688	-10344	-2616	-4864	724	-4739	-345	-6168	856	-7568	-298	-677	97	-6928	9024	12472	135	33	-13	-15560	1712	-3176	-220	976	-42	-14976	2096	4504	-690	229	27	118	137	4
500	-9792	4500	-612	-984	-2862	-7032	-1696	-8008	1621	-5411	-385	-7336	-3352	-7768	294	-242	183	-7528	8840	12184	120	31	-8	-13736	904	-4112	-248	1049	-32	-13336	1888	5328	-125	264	61	141	133	4
-5248	-7848	7368	-845	-232	-2453	-5248	-2920	-8296	1832	-5784	-120	-5856	288	-5504	1219	-242	269	-7120	8256	12376	87	43	18	-13392	-648	-3080	-27	1178	-59	-11816	3112	6800	314	70	157	124	131	4
-14676	-7796	10068	-1345	118	-2007	-6680	-2424	-10848	2579	-5840	-137	-3968	6400	-7240	1940	-35	459	-6944	8736	12416	113	73	27	-13624	920	-2424	185	1382	-15	-11160	4064	8608	342	-149	184	112	133	4
-23084	-9828	10656	-1568	20	-1874	-10640	-880	-16112	2723	-5879	-235	-4440	6864	-7120	1922	-4	485	-6904	9216	11992	132	72	-19	-13944	2160	-1872	231	1691	46	-11016	3912	6120	243	-291	83	123	130	4
-28928	-8804	10636	-1318	-89	-2306	-12776	-456	-18784	1931	-5796	-174	-4104	6928	-3840	649	406	626	-6864	9752	11624	49	15	-99	-13672	3168	-4120	21	1916	56	-11416	2440	3224	317	-387	82	105	131	4
-32768	-5596	8064	-697	-295	-2780	-16024	-976	-20216	560	-5495	32	-6568	-1880	-784	217	522	384	-7296	8520	12248	13	-3	-171	-13176	1296	-10272	-235	1961	109	-13400	4592	1088	698	-121	163	115	131	4
-32768	2276	3792	-303	-773	-2981	-18904	-3040	-20912	-723	-4693	0	-10848	-6456	5816	1	490	-159	-7264	8664	13008	43	87	-160	-14192	672	-8584	-25	1943	23	-12688	9040	3704	666	-28	169	105	130	4
-32768	12960	-756	-813	-1086	-2545	-18992	-3168	-20064	-934	-4538	-50	-16656	-5664	9912	-101	494	-494	-6192	9320	12392	150	187	-219	-13872	1704	-6656	375	1993	24	-10848	8336	2216	-285	-118	105	143	125	4
-32768	16092	-5368	-1701	-1135	-1228	-16176	-5664	-14024	-1142	-2622	-568	-22848	-2288	10200	-821	1085	-203	-7064	10000	11032	48	102	-425	-9872	3512	-8680	368	2170	28	-11856	3048	-1192	-988	-318	106	122	125	4
-32484	9324	-5892	-1409	-1020	169	-14288	-1800	-11712	-635	-1636	-634	-21728	696	14352	-1335	1408	295	-7816	8480	12664	-186	5	-504	-10048	8	-12768	67	2229	102	-12760	1872	-256	-608	-123	-49	122	136	4
-31620	8900	-5552	-1310	-962	334	-15504	1280	-8960	-1113	-792	-765	-17744	-4776	12936	-2168	1319	853	-7800	8800	12368	-179	-23	-493	-11960	1656	-12624	138	2123	67	-14640	3536	600	247	-41	67	120	132	4
-24128	7800	-1220	-1380	265	660	-16088	448	-6312	-1457	-1	-462	-13792	-11328	8912	-1703	1227	955	-6824	10736	12296	-157	55	-581	-13024	2096	-11984	220	2010	133	-16160	5136	1768	529	-38	116	109	120	4
-22248	4360	2512	-701	855	881	-16264	-1648	-3800	-1018	636	-222	-13856	-10544	6664	-779	700	628	-7688	9576	13056	-126	188	-741	-12272	488	-13712	313	2127	92	-15352	5336	2760	291	-17	-55	117	125	4
-23204	596	7256	186	931	848	-16344	-3056	-5472	-25	1270	-21	-16912	-6992	7000	-224	392	163	-7592	8856	14096	-25	485	-768	-13016	280	-13504	408	2189	-46	-14904	5256	3288	101	129	-233	107	114	4
-32768	-32768	12516	4663	-1854	-2134	-16048	-12304	-20208	964	1782	128	-18456	-3784	2744	-287	812	110	-7440	9368	16112	-25	933	-984	-17976	96	-16304	215	2293	54	-16256	7000	9864	114	139	-340	90	128	4
-3664	2452	8444	-267	-1928	-2806	-17112	-14392	-11248	574	2006	138	-19752	-9128	600	-44	1437	-164	-6288	11552	21480	181	2046	-1404	-28968	-1776	-17808	440	2609	-85	-21832	13264	18704	274	-183	-296	102	109	4
-2884	-10300	21600	975	-2766	-1913	-32768	-12304	14792	3802	1985	161	-27768	2608	3056	883	1215	316	-4064	14336	25824	542	4090	-2104	-32768	-3616	-16840	935	2718	-281	-26904	15608	22136	-176	-908	-191	117	120	4
-9080	-13056	12648	644	-2341	-1258	-19152	2928	808	4943	1736	-463	-21232	184	6568	1143	1039	158	-3632	16512	23840	842	5988	-3116	-32768	-2024	-14096	738	2813	-382	-30280	8488	20688	-272	-1511	198	117	117	4
10996	-17092	17572	2041	-1501	-387	-18264	1696	5712	-815	1572	-196	-21688	-7704	56	383	1006	-367	-6416	20520	20536	606	6644	-4246	-29640	3104	-13592	629	2672	-401	-30088	2056	11160	-34	-2160	257	122	119	4
-6340	-10792	18296	786	-560	-159	-32768	1832	2960	-1988	1075	-537	-27704	-9592	13480	850	-49	-1558	-4048	18088	12016	177	6227	-4763	-15928	1632	-864	704	1858	-445	-29880	4928	-3544	656	-2411	207	115	103	4
-7316	-7160	13144	-182	158	-143	-16696	696	-5424	-674	1355	-272	-21224	9488	4824	1476	87	161	-2848	13088	5656	-1364	4643	-4375	-7600	3752	-16832	2171	1845	629	-25448	5856	-11088	808	-2328	56	123	102	4
-7908	-8580	11620	-383	325	-207	-11240	-7064	-1736	-1019	1979	11	-11408	5464	-3040	-431	-226	380	24624	-9104	30432	-405	1774	-2111	672	-2888	8904	959	-272	-386	-21224	8632	-9296	432	-2168	207	122	123	4
-8344	-10240	10472	-188	122	-71	-8776	-12936	-8256	825	1555	-195	-8024	-5040	-7392	-1888	153	-74	17376	21864	17432	991	-1791	1142	17560	3688	5088	-491	-2046	-243	-19512	9976	-1312	-608	-2251	741	125	101	4
-8188	-8032	11544	-60	72	-91	-10712	-1272	-10176	1267	1243	-155	-8200	-7072	-7608	-2062	210	-155	14224	-112	10296	-1043	-2246	922	888	-2984	3120	15	-2896	99	-17784	5768	-7176	-1062	-1884	847	117	125	4
-7752	-9224	10776	10	39	-115	-12568	-880	-9384	1093	1219	-76	-18064	-13712	-4040	549	171	114	7848	5616	7408	23	-3036	1619	-11112	-816	-3232	189	-3579	-211	-12416	2016	-8288	-1165	-1554	595	113	116	4
-7284	-9084	11216	79	-26	-55	-17400	-2768	-4656	-1062	887	126	-17112	-3400	-48	1900	226	11	5392	5416	3264	-512	-3050	1730	-10272	-1256	-3704	773	-4595	-110	-9856	-560	-7440	-1510	-1401	256	112	118	4
-7424	-8956	11020	80	-37	-49	-13992	-5272	-3056	-1024	1039	100	-15592	-608	320	1621	458	97	3712	3320	2312	-294	-2290	1629	-5672	-824	-7208	178	-5245	220	-5904	-1376	-6456	-1405	-464	95	118	120	4
-7628	-8444	11284	280	-212	71	-12328	-6744	-5432	226	1054	170	-13840	32	1504	985	528	9	-2184	7616	4160	65	-1578	1236	-4048	56	-7296	259	-5592	328	-5696	-3088	-5928	-1230	41	-42	117	116	4
-7600	-7772	11832	303	-210	66	-13016	-4208	-5720	1244	1091	94	-14664	-2384	3024	326	501	-134	-9312	11208	6936	265	-1247	973	-4968	1776	-9640	-153	-5811	425	-6896	-5488	-5480	-935	216	-40	113	126	4
-7500	-8028	11812	268	-159	42	-15192	-1464	-3512	1291	1197	80	-14336	-3992	5632	68	295	-162	-16832	13696	7872	582	-1272	1106	-5768	1192	-12392	-856	-5949	621	-7608	-7344	-4392	-454	232	-87	106	119	4
-7204	-7792	12024	169	-74	40	-14816	-112	-2872	631	1405	79	-13240	-4208	6264	158	125	-129	-22608	13984	5816	661	-1297	1614	-7800	-80	-15576	-1182	-5930	769	-7256	-6160	-5264	344	490	-348	112	127	4
-7400	-8688	11164	112	-34	66	-13008	-1112	-3944	-3	1575	77	-12696	-1008	2784	226	175	-203	-27944	10024	3520	611	-1076	2295	-9896	-88	-18768	-1229	-5836	851	-6056	-3800	-4928	292	1047	-409	115	130	4
-7124	-8260	11580	219	-90	174	-12312	-1920	-7256	-49	1515	-91	-12912	1600	1528	17	210	-290	-32768	6576	1864	753	-679	2680	-16848	32	-19032	-905	-5265	699	-9176	1984	1264	264	1137	-261	145	124	4
-7400	-7988	11592	238	-93	190	-12920	-496	-10448	-125	1404	-261	-14456	-1096	2872	-605	461	-160	-32768	1544	1432	978	-501	2510	-24536	40	-22608	-519	-4678	788	-13888	6304	4192	460	1296	-215	114	115	4
-7396	-7356	12444	74	128	148	-15208	-1600	-7144	-444	1405	-248	-15088	-6024	3816	-558	525	125	-32768	-2864	3640	1910	-633	1955	-22912	-1520	-20736	332	-3767	523	-18496	6640	6824	548	1526	-640	120	119	4
-7516	-9012	11736	21	206	236	-13664	-4720	-6080	-493	1606	-218	-13536	-6184	3504	211	325	228	-32768	-896	2968	2114	-1504	1329	-19184	1952	-17216	1306	-2097	456	-24408	5536	8808	771	1574	-861	111	132	4
-7516	-8860	11436	29	214	419	-11664	-4168	-7600	-258	1871	-198	-11712	-3168	712	838	352	86	-32768	-4040	-1208	1074	-2295	199	-19120	1192	-11280	1644	-970	499	-22048	4944	14704	1674	1711	-991	141	116	4
-7652	-8284	12224	22	245	517	-11240	-3024	-10968	-115	1915	-234	-10432	-1496	2336	380	376	157	-28712	-7808	-5560	923	-1702	-865	-18160	-144	-8112	2609	-1375	1078	-19352	12752	20088	1683	1314	-540	117	119	4
-7284	-7876	13068	-75	414	650	-14864	-1952	-9976	-361	1865	-327	-14336	-1128	3400	-444	446	254	-24856	-5168	-7552	1073	-371	-1198	-15176	584	-5952	2324	-70	508	-17536	14568	16072	1399	1110	142	128	128	4
-8108	-9488	14000	-204	747	831	-15920	-2152	-9784	-913	1956	-336	-17408	-3128	8216	-806	335	256	-23688	-1176	-6680	660	1000	-1195	-13336	3336	-4896	993	1390	129	-15088	8136	13032	570	747	116	108	114	4
-6644	-9964	18528	-150	1559	1210	-26928	-576	-7072	-1587	2316	-367	-18512	-7784	16376	-596	-128	106	-20376	2776	-2416	65	2090	-1065	-13152	4064	-5224	727	1535	51	-10496	3336	18216	425	-10	32	116	137	4
-5272	-12520	18880	-81	2760	1816	-28264	-1472	-6960	-1642	2772	-154	-20328	-5384	15288	280	-814	5	32767	-32768	32080	-1964	-3893	3676	-22968	-376	28776	910	2184	-436	-7840	2608	-4720	2343	2011	-681	114	138	4
-7476	-13136	17868	-113	3828	2600	-26688	-1160	-9352	-1623	3146	-234	-19176	-960	12912	488	-1497	32	640	2216	5720	-1316	-2183	1694	-25336	14712	-1472	-1339	2523	191	-28528	152	9360	849	1430	-75	114	124	4
-8408	-16200	18856	-65	4707	3467	-30016	-2760	-11224	-1836	3224	-281	-24520	-6320	10704	-332	-2211	170	-9648	12856	13608	-1190	-1986	1090	-24688	2560	8728	-786	1588	318	-26088	9560	8864	231	553	87	125	126	4
-9572	-17520	19960	0	4803	3618	-29488	-4512	-12176	-1717	2993	-162	-27768	-11800	8264	-880	-2457	-109	-5952	13688	14456	-1179	-1808	422	-21536	5360	4000	-1049	2291	-24	-17792	7616	7528	294	184	381	71	132	4
-6912	-17004	17048	611	5374	5037	-18632	-1560	-8304	-1773	2608	90	-31872	-10824	-2696	-311	-2447	-531	-9376	8040	12920	-969	-1596	330	-16320	-936	-7128	-856	2145	126	-11224	3560	424	119	265	461	130	131	4
-424	-14516	10368	1169	4591	4715	-8384	-1656	-5384	-3021	1659	225	-24800	-4912	-12544	169	-2173	-598	-5056	10096	13664	-1175	-1411	274	-13896	2896	-8872	-123	1983	100	-12528	2592	-6520	699	227	402	126	129	4
27548	-10288	21768	1644	2288	2546	-3184	920	2664	-1359	347	564	-16760	-2536	-13024	246	-1938	-292	-7840	11000	17744	-1349	-1007	-132	-28432	5896	40	-354	1540	102	-28440	20728	5640	1303	103	760	105	134	4
10500	-24400	24764	-166	-658	-70	4624	-7720	-3432	812	-1094	1034	-15000	-5216	-4504	230	-1896	-593	-6824	7744	14992	-504	-397	-266	-26272	-56	-10144	-1488	1066	-6	-21064	11944	-2176	-1168	350	137	110	136	4
16756	-12136	10760	1259	-2550	-854	9968	-1616	2976	2104	-2683	529	-21384	-6648	-6568	425	-1370	-735	-7272	7848	13744	-39	0	-116	-17536	-3608	-11816	-1341	1465	-480	-19448	-912	-2696	-2437	273	-202	108	135	4
10536	-9856	6320	539	-3000	-1400	-432	568	-4536	2878	-3540	279	-18512	-1712	-9456	740	-1058	-616	-7136	8744	13160	210	119	-92	-17320	1136	-8360	-177	1539	-127	-15800	1488	-1088	-1789	130	-42	57	133	4
4720	-10904	2968	512	-3249	-1867	-9472	1728	-3752	2036	-4432	607	-13064	4656	-9352	877	-623	-16	-7704	9896	12704	206	166	-176	-12472	3912	-8368	-256	963	-2	-13176	2320	-368	-1147	464	77	135	132	4
1496	-8120	1244	197	-2866	-2037	-9832	1896	-7008	1506	-5097	574	-10256	6816	-8888	258	-271	373	-7824	7192	12344	211	132	-120	-11360	2544	-8584	-281	939	-26	-14960	840	-648	-607	481	-122	124	131	4
-3408	-9496	2856	-153	-1980	-2077	-8064	1440	-10312	690	-5669	523	-10064	6600	-8856	151	-219	395	-7568	7368	11992	213	59	53	-13592	-1440	-6384	845	1034	-25	-14592	-1056	-304	78	471	-5	110	129	4
-11848	-9460	6324	-458	-1008	-2211	-7096	328	-13248	166	-5919	494	-6848	3288	-7416	-91	117	569	-7680	8136	11800	148	-1	107	-13832	-840	-6520	878	1032	4	-14152	784	2936	582	377	64	123	130	4
-20780	-8540	8724	-801	-422	-2481	-7320	-3224	-14416	250	-6062	338	-3728	2848	-6600	406	342	436	-7456	9064	11984	76	-18	104	-14440	3656	-3912	181	1135	-18	-13768	3696	4680	876	469	94	122	130	4
-30532	-11616	11496	-565	-707	-2724	-10000	-5248	-18528	883	-6011	68	-2432	3800	-4072	1081	849	407	-6784	9720	12240	-12	-21	27	-14360	3856	-3000	-371	1273	-51	-13264	6088	6800	649	261	116	99	127	4
-32768	-7492	11692	-90	-1522	-2923	-17184	-6576	-19256	1131	-5696	-303	-5584	2088	-744	1091	1030	447	-6632	9768	12240	-32	54	-117	-14600	1984	-3856	-602	1509	-25	-12096	7032	6704	-29	50	115	109	130	4
-32768	3936	6348	-559	-1829	-2708	-23216	-4176	-18232	1319	-5171	-115	-11704	-2616	3256	440	737	336	-6824	9544	12152	-46	149	-281	-14928	1568	-5800	-357	1778	22	-11080	6752	4032	-406	23	114	86	131	4
-32768	9076	-572	-1551	-1386	-1784	-21144	-3272	-15872	522	-4039	442	-17728	-4936	7560	-277	947	105	-7640	9384	11816	-89	192	-397	-12720	1120	-8840	-23	1914	56	-11120	5440	2824	-377	25	154	103	124	4
-32768	5720	-4748	-1181	-824	-726	-16528	-1008	-14312	-74	-2984	114	-24536	-3008	11232	-126	1056	-141	-6968	8344	12888	-58	227	-385	-12456	-280	-7528	338	1951	49	-13160	3136	3896	-181	-29	136	124	141	4
-32768	7268	-6176	-715	-362	-24	-18208	-152	-13560	-986	-2365	-455	-26056	-2640	15720	-897	1164	60	-7280	8888	12552	29	351	-428	-13064	552	-8864	528	1997	94	-13200	1128	2576	-121	-218	148	113	128	4
-30624	12524	-6148	-1865	161	300	-16592	-504	-10216	-2348	-1688	-881	-18616	-7232	13896	-1412	1092	790	-8128	9088	12168	48	311	-566	-10464	2400	-11768	442	2111	260	-11848	736	-80	296	-303	7	120	135	4
-26676	10100	-4672	-2694	519	470	-12488	-3496	-6848	-2576	-587	-650	-14176	-8744	11512	-1110	940	1101	-8232	7776	13032	-16	323	-572	-10760	1728	-12680	329	2209	203	-12888	5328	600	1007	-159	-73	123	120	4
-25144	5812	-200	-1970	678	748	-11896	-5408	-5320	-1748	459	-308	-13672	-8696	8632	-679	674	657	-7632	8336	14040	18	581	-549	-14672	1664	-12656	232	2174	51	-15224	10608	2600	1025	30	50	109	124	4
-22952	1380	2820	-354	333	1035	-14352	-5872	-4640	-752	1201	-137	-17232	-8152	8208	-483	31	92	-7416	10144	14024	34	938	-721	-15976	2864	-12776	266	2229	-125	-16656	10480	4592	209	4	-99	108	115	4
-32768	-32768	-4140	3515	-1734	-1751	-14496	-13640	-20992	418	1717	-67	-16320	-5344	9160	-1206	-117	-295	-7904	10824	14888	66	1356	-1082	-16640	-56	-13624	408	2368	-82	-15768	5128	7792	-552	-20	-274	52	126	4
-8144	-4796	7900	-1084	-2640	-2654	-18952	-2632	-152	413	2676	-469	-15376	-5664	-3200	-2284	1971	-264	-7680	9952	17360	204	2098	-1405	-20600	-2624	-16384	710	2561	-101	-18864	7144	9736	-317	-244	-536	135	114	4
1004	-8500	22468	1136	-2873	-1309	-32768	-1640	18576	2927	1876	65	-31416	4096	-456	252	1480	216	-6760	10872	20752	497	3268	-1775	-29680	-3424	-16712	862	2685	-171	-22936	11336	15448	86	-686	-277	121	119	4
-6624	-10104	16368	651	-2174	-924	-19224	6056	2408	3344	1582	-390	-23480	2728	4760	977	777	-230	-5352	15544	22544	603	4783	-2481	-32768	56	-16040	981	2655	-374	-29464	15592	18496	355	-1005	-74	117	129	4
-9340	-7640	13232	459	-1779	-1021	-14968	5144	-8864	-204	1908	-172	-15256	-2712	-7320	328	1223	-143	-8072	19880	20296	437	5719	-3493	-29640	3496	-14464	733	2287	-577	-32384	7912	12184	-237	-1604	246	125	120	4
-1132	-9284	19124	1020	-1026	-789	-25800	-6504	-1024	-672	916	-221	-15416	-2536	-7688	323	1144	-69	-5792	19840	15304	300	5560	-4349	-18296	2048	-9320	293	2362	-428	-28960	3664	728	-158	-2230	207	130	108	4
-6940	-10588	16220	524	-454	-84	-32768	-2344	3624	558	448	-875	-31904	-6816	9200	842	274	-406	-12176	9816	8016	-864	4424	-4165	-9368	4424	-19080	1473	2022	396	-24792	6720	-9216	453	-2314	208	131	132	4
-6948	-7300	13252	-239	177	-87	-20136	-320	-3104	-11	1168	-168	-19960	256	160	454	155	510	26952	2664	21904	-708	2369	-2379	-3976	1768	-3936	691	690	-446	-21832	9296	-9176	440	-1944	546	122	132	4
-7820	-9064	11272	-380	318	-80	-14728	-8944	-6184	-105	1397	98	-13488	-1088	-5896	-522	374	138	16944	30616	20560	971	-563	816	4184	2944	-680	-634	-1211	-999	-21416	9952	-1680	-456	-1843	794	126	129	4
-8268	-9376	10900	-250	193	-54	-11200	-8752	-8008	532	855	-324	-11656	-8528	-10088	-960	648	-66	19664	4672	8744	-1234	-1304	1342	6208	4032	1784	-420	-1520	-746	-20736	5400	-4408	-1115	-1763	946	120	127	4
-8372	-8160	11204	-128	76	-82	-10200	-288	-9720	164	448	16	-13576	-9056	-7424	-352	679	222	12256	8456	7152	98	-1857	1905	-5864	-176	8	-597	-3345	-153	-14800	448	-6032	-1439	-1588	765	114	127	4
-8028	-7980	11544	-109	78	-137	-18520	592	-7168	-920	192	10	-17720	-4128	-3616	1097	590	430	8336	7936	3984	-536	-2042	1923	-13936	3392	-2272	-140	-4087	-269	-9088	-3840	-7552	-1180	-1062	134	119	127	4
-7588	-8084	11644	-136	124	-124	-19480	-2312	-3088	-1175	139	-88	-18048	1936	2576	1887	508	467	3528	6144	4912	-233	-1818	2006	-5784	-488	-5264	-259	-5160	288	-7472	-3280	-8328	-563	-971	-135	122	126	4
-8844	-3812	11740	-417	220	-416	-3048	-6600	-15872	-1771	543	1728	-16048	456	6808	1382	559	449	-1152	9360	9264	-128	-1649	1942	-3024	-1296	-8752	-155	-5641	389	-5456	-4032	-7040	176	44	-224	121	128	4
-7996	-10476	10916	-228	216	-104	-12664	-3688	-880	-268	869	-951	-14400	-3216	8400	522	402	255	-7584	10712	8624	157	-1491	2013	-4664	-72	-9536	-130	-5883	394	-5152	-3816	-6448	447	364	-183	122	118	4
-7852	-9224	10736	-183	165	-120	-11568	-6040	1696	916	1282	130	-13032	-3624	9624	-148	122	-57	-15144	11472	8952	288	-1207	2069	-7688	1776	-11264	-583	-6281	483	-5080	-984	-6032	340	253	44	111	133	4
-8056	-9312	10948	-112	142	-66	-14280	-1976	760	757	1470	-29	-12088	-2800	9576	-759	-118	-145	-24744	11432	7080	447	-958	2075	-10144	2000	-14856	-1094	-6331	443	-4144	336	-5216	-293	607	58	118	130	4
-7632	-8740	10912	-95	135	-15	-15784	-1568	-248	145	1643	-106	-13304	-1640	7072	-1154	-272	-326	-32768	11496	2688	186	-906	1992	-11904	760	-18144	-1437	-5865	282	-5112	2616	-1544	-887	723	55	122	132	4
-7652	-8332	10880	-113	165	21	-13264	-2240	-2480	-326	1778	-143	-12376	-2664	4936	-1098	-169	-273	-32768	8928	200	-334	-1061	2018	-16176	1720	-19944	-1263	-4820	175	-10784	2944	1024	-1124	483	152	126	121	4
-7564	-9268	10948	-149	213	106	-13064	-3920	-3872	-502	1908	-266	-12432	-3640	1776	-1008	-155	-327	-32768	3576	-568	-263	-1167	1855	-20224	2336	-18600	-676	-4105	136	-13600	4336	6368	-1092	385	143	116	122	4
-8200	-8640	10948	-135	219	162	-12176	-3264	-8408	-247	1986	-230	-12040	-3928	-2760	-684	-210	-264	-32768	848	-2088	270	-1236	1279	-19136	1304	-16768	71	-3277	-46	-16568	2784	10424	-503	826	283	133	121	4
-8488	-8232	10780	-81	207	128	-11416	-2176	-9320	-412	2034	-179	-11744	-4248	-3400	-619	-218	-274	-32768	-1288	-2784	709	-1523	460	-15872	-1144	-13880	1061	-2694	573	-18056	592	8968	519	1253	-450	125	147	4
-8008	-8984	10656	-43	226	103	-11728	-4720	-7104	-495	2024	-38	-11920	-6632	-1456	327	74	-216	-30312	-1744	-1592	1286	-1639	-247	-15688	-1296	-10848	1797	-1812	792	-17104	2320	10616	834	1482	-917	131	116	4
-8060	-9716	10444	-6	151	223	-11800	-5088	-8936	-126	2080	-90	-12912	-3064	-488	802	-102	-165	-27296	-2152	-1704	1977	-1453	-684	-18752	-752	-7512	2654	-880	981	-16944	7344	15048	1209	944	-851	134	128	4
-8284	-8120	11228	21	116	324	-11912	-1168	-11296	-182	2117	-154	-14256	-584	848	660	81	36	-26272	1232	-448	1902	-1098	-815	-18816	3672	-7424	2808	-225	865	-16720	11232	13128	1210	1023	-263	133	135	4
-7724	-8440	12372	-49	357	335	-14552	-1664	-10528	-625	2110	-126	-14312	-3144	4472	178	165	216	-23056	920	-176	874	-619	-1075	-16752	5560	-4040	1935	342	481	-16608	9104	10560	1354	1206	-141	127	141	4
-7440	-11396	12176	-177	749	603	-18728	-4200	-8176	-884	2233	-103	-15984	-3808	5584	100	2	91	-20848	408	-400	218	213	-1325	-15864	3128	-2224	91	1117	64	-17192	5544	10216	1059	1008	-22	125	125	4
-8140	-12232	12596	-366	1024	1102	-16896	-4696	-9816	-1020	2441	-142	-17176	-1896	5544	89	-216	13	-32768	32767	-4184	-404	1010	-943	-15832	-728	-10984	-1146	1615	-62	-15576	4072	11472	748	977	137	117	137	4
-8336	-9864	14476	-86	1568	1581	-19456	-856	-12792	-1293	2619	-261	-18416	-1952	7976	-48	-352	56	32767	-32768	4064	-708	-3061	2237	-22800	-2880	14856	405	2002	-317	-19008	9632	7400	1358	1290	24	118	143	4
-7744	-10252	15896	-158	2484	1990	-24784	-744	-12800	-1473	2709	-168	-21152	-5536	10632	-196	-699	68	-14864	17176	20720	-1315	-2235	1493	-32768	5912	12144	-433	2074	-475	-27120	2856	2792	1210	1793	-370	103	137	4
-6876	-13376	19208	-249	3816	2574	-32768	-2432	-12032	-1490	2842	-28	-24944	-13672	16904	-62	-1552	76	-8616	10920	15440	-983	-1885	889	-21592	3176	3272	-1025	1095	540	-22784	6032	5152	-228	981	-457	136	139	4
-8876	-16352	20412	-345	5248	3638	-32768	-5144	-11840	-1174	2872	338	-32768	-13496	14360	556	-2232	-123	-7624	9864	14264	-1007	-1623	683	-16256	3488	-2504	-506	2202	42	-13368	10144	1816	-282	681	284	143	134	4
-8684	-20128	16744	82	5756	4928	-26336	-5264	-10032	-787	2545	395	-32768	-2496	6936	719	-2604	-443	-1256	8744	14320	-1334	-1462	673	-16576	3936	-1904	-489	2233	-39	-11440	2536	-4424	-519	652	374	123	136	4
-3544	-16312	11988	649	5280	5801	-16808	-4432	4176	-1873	1470	41	-32768	-1472	5376	653	-2616	-463	-4688	10840	15040	-1599	-842	24	-22000	8680	3272	-1054	1448	-154	-26912	12544	13704	-470	-126	591	100	137	4
-5896	-12064	6192	1128	3667	4680	-4352	-1592	-16984	-1623	1596	-83	-20072	-1496	-13904	-548	-2534	-505	-4408	8072	16264	-357	-273	-34	-32768	-9944	-376	-1260	1216	160	-25536	8744	6600	-1246	-80	426	105	139	4
12544	-1088	28492	-314	616	1729	624	144	4392	-224	-711	707	-18592	-5672	-8496	-846	-2364	-766	-6768	8880	12736	106	84	-36	-16808	4360	-8416	-498	1746	-165	-17992	-1072	-3784	-940	34	-71	114	142	4
15028	-19736	17352	816	-2843	5	10112	-2448	5256	627	-2007	561	-18728	-5784	-6848	-793	-2291	-840	-7488	9272	11840	59	41	-67	-14760	6832	-11840	-669	1964	-138	-14416	2728	-8288	175	-31	213	106	144	4
14620	-5532	7364	933	-3648	-402	7680	1832	-928	1416	-3134	102	-16032	-3680	-8336	40	-1497	-806	-7664	8920	12368	-19	-30	-76	-13152	3376	-8208	-791	869	66	-12368	8568	-6904	735	420	291	147	143	4
8748	-10864	2716	531	-3750	-1105	-2064	3544	-2072	914	-3859	337	-11928	-200	-9608	227	-1003	-501	-7576	8080	12608	-12	-32	-13	-10480	-1400	-10000	-130	397	-154	-14976	10536	-3096	4	474	307	136	140	4
6240	-8460	-448	628	-3393	-1751	-7856	-912	-4104	620	-4418	380	-11320	400	-9576	232	-924	-406	-7488	9192	12224	17	-30	37	-18024	56	-5968	1091	878	-188	-15360	6264	2344	-1177	416	-198	67	141	4
5748	-8952	-728	565	-3272	-1780	-10384	-656	-8728	1075	-5250	663	-7024	1648	-8120	108	-72	208	-6904	8488	12224	14	-9	27	-17008	1912	-1112	987	691	67	-14440	1416	6864	-1565	150	-190	138	137	4
-4224	-7968	1612	-174	-1645	-2096	-5016	-840	-8256	221	-5475	279	-6352	2000	-8488	702	426	414	-6352	8936	12304	90	38	-3	-15320	3088	-1016	139	1204	-149	-15912	-464	8968	-1123	100	91	117	133	4
-12000	-10468	5840	-754	-884	-1957	-4560	-2000	-10064	767	-5816	-65	-4368	4584	-5456	1145	222	540	-6832	9280	12384	112	35	-78	-14712	3240	-1232	-535	1356	-32	-12464	-2584	6464	73	130	65	109	136	4
-20924	-12412	9016	-897	-381	-2132	-8680	-4016	-14776	1465	-6082	-2	-5152	5160	-3896	1508	276	586	-7200	8680	12040	102	67	-110	-12760	976	-6016	-688	1458	62	-12528	600	4544	1294	35	308	133	137	4
-28868	-9812	8788	-994	-221	-2461	-15040	-2712	-17776	1745	-5892	-110	-5664	3400	-2376	1367	694	588	-7312	8440	12536	66	70	-75	-12520	512	-5424	-235	1633	-40	-11552	6216	3048	2026	175	284	116	139	4
-32768	-4380	6676	-1099	-271	-2767	-18448	-1536	-19432	1714	-5548	-173	-8808	2808	-144	1164	908	644	-7432	8872	12152	57	78	-72	-12808	2016	-6664	178	1715	18	-11128	8528	3928	1411	-52	150	98	142	4
-32768	1440	5284	-1303	-408	-2682	-19088	-1776	-20728	694	-4778	132	-14064	392	1240	253	905	459	-7016	9280	11888	40	46	-148	-13480	944	-5208	415	1781	78	-11184	6128	3176	238	-189	1	141	138	4
-32768	7616	3176	-1765	-636	-2279	-20392	-1832	-17064	-978	-4010	43	-18024	-1976	7632	-225	853	32	-6568	9664	13024	102	117	-288	-15448	1488	-7264	403	1936	192	-13288	5408	4200	-327	-344	61	101	134	4
-32768	9624	-104	-2001	-1020	-1433	-19544	-2544	-14776	-1902	-3402	-379	-23368	-2928	9296	-711	1505	-212	-6712	9240	12576	132	260	-472	-13864	1520	-8864	400	2060	199	-13120	3520	736	-454	-223	62	138	137	4
-32768	7448	-2480	-1754	-1339	-236	-17040	-2544	-11776	-2255	-2672	-773	-21488	-4072	11160	-1579	1824	454	-7464	8096	12592	214	268	-466	-10232	88	-12104	334	2091	268	-12920	1544	1416	-192	-119	-53	124	135	4
-29036	8596	-3936	-1762	-1127	504	-18472	-3504	-7872	-2440	-1850	-1003	-16224	-8664	13936	-1702	1467	1181	-7288	8304	13272	202	414	-394	-13280	936	-10336	499	2092	191	-14712	3616	2136	351	-16	-138	129	145	4
-24912	7272	-4324	-1993	-453	681	-15696	-4064	-5144	-1690	-790	-677	-17936	-12416	12352	-662	1175	1032	-6992	10032	12744	285	582	-503	-14912	2968	-11096	406	2097	176	-15120	6688	2048	522	63	-169	114	131	4
-21844	4472	-2124	-1266	323	711	-13400	-4840	-3296	-555	256	-231	-17952	-7328	8920	399	685	383	-6976	11976	12536	300	690	-786	-13760	4584	-12456	359	2181	212	-15256	6080	1880	380	31	-255	123	140	4
-21060	2912	324	231	919	853	-14184	-3712	-2480	586	1014	23	-17648	-3752	9432	496	474	11	-7672	8288	14320	234	956	-985	-13712	3720	-12784	342	2171	231	-16080	7792	3072	436	171	-460	72	120	4
-32768	-32768	13472	1355	1268	-360	-13688	-2648	-15144	1452	1697	142	-15336	-1864	9720	-319	423	-153	-7456	9320	14872	291	1511	-1045	-16672	-176	-12736	814	2286	2	-16800	8192	5424	272	171	-369	107	127	4
3656	32767	8360	3329	-3956	-2936	-18928	-9176	8200	107	2115	-466	-18016	-6352	7128	-1667	975	-150	-7416	11264	16664	391	2113	-1318	-21312	1560	-15768	697	2371	35	-17912	8288	11872	87	-32	-390	121	139	4
-832	-32768	11640	938	-2856	-2071	-27248	-8592	5240	2598	2871	585	-24176	880	-3336	-875	1753	-370	-6008	13232	21808	671	3360	-1848	-32768	-2752	-13856	681	2677	-153	-22936	14144	21264	-65	-533	-419	121	142	4
-7264	-14056	15168	771	-2173	-989	-32768	3392	4808	2807	1410	-653	-28176	616	2200	198	938	246	-4720	16656	23768	1024	5252	-2816	-32768	-1280	-13448	1299	2470	-392	-28760	13608	21112	-415	-1423	-134	125	143	4
-7848	-8464	16384	645	-1727	-821	-14560	8624	-3144	701	1712	-550	-19312	-4288	5376	632	788	-338	-10104	21528	22560	1012	6496	-4003	-32544	-72	-11984	1199	2291	-419	-31320	3280	14360	-96	-1941	107	123	122	4
-8708	-5440	12796	493	-1491	-1045	-16120	-4400	-8096	-599	1841	-228	-12784	688	-5384	623	948	-332	-9080	17904	16848	517	6108	-4962	-17128	1944	-2256	978	2639	-407	-27904	-48	168	197	-2397	159	122	129	4
-9504	-13220	15760	1096	-992	-711	-20144	-8184	1128	373	1111	-286	-20408	2016	-1232	47	375	-175	-7744	11096	9712	-673	4868	-4313	-8296	3384	-10224	2447	1919	443	-21320	3504	-10632	885	-2737	25	132	135	4
-6628	-5792	17240	566	-501	-45	-32136	-1176	-1928	1394	756	-810	-29824	-7072	4920	-318	232	-427	24968	-2488	26656	-400	2308	-2615	-3088	456	-4136	1078	893	-328	-21240	10584	-11256	1314	-2540	-66	127	133	4
-7012	-8484	12624	-118	102	-129	-21704	-1112	-4184	-128	1365	261	-18760	-3648	-2608	-362	215	355	12536	24080	22680	873	-1579	-9	8336	6568	336	-439	-892	-750	-22016	14072	-4160	145	-2209	459	123	119	4
-7656	-8692	11424	-188	186	-62	-15304	-9232	-6688	38	1300	-106	-13696	-3176	-7936	-225	539	-49	15928	6768	10272	-1567	-2581	335	7992	280	4072	-261	-2568	32	-20648	8312	-7576	-618	-1987	735	122	130	4
-8092	-9116	11236	-102	86	-25	-10864	-7024	-7336	232	751	-251	-12008	-10296	-9464	-85	815	119	10048	3592	7944	-694	-3178	1136	-2408	576	-2312	-269	-3608	-799	-17304	5240	-9144	-1037	-1689	634	119	126	4
-8080	-7884	11796	-82	45	-36	-11584	-1128	-9696	-3	413	81	-14544	-6512	-7528	951	713	289	6232	6600	4976	-726	-3424	1580	-10696	-1328	-1752	864	-4310	-336	-11016	2424	-10056	-1850	-1168	413	121	130	4
-7556	-8268	11400	-97	94	-81	-20528	-1400	-4920	-741	264	37	-17712	-1752	-1688	1944	668	324	2296	4232	4488	-379	-3237	1887	-6040	-2080	-6504	891	-4870	-257	-5296	-1096	-9080	-1659	346	-162	122	129	4
-7208	-8276	11772	-128	143	-49	-19408	-3832	-848	-600	350	5	-17688	1984	5000	2055	542	502	-1808	8104	4968	177	-2877	2007	-3696	360	-6776	934	-5220	118	-5216	-2512	-8288	-1563	330	-301	114	122	4
-7456	-8560	11544	-200	193	-30	-14088	-4368	2304	-15	643	6	-16192	2096	7608	1101	396	336	-4552	11104	3912	300	-2486	1849	-4552	2168	-8688	277	-5769	304	-5640	-4776	-7632	-1389	446	-122	120	143	4
-7688	-8220	11156	-175	161	-32	-13240	-4088	1856	91	677	-4	-14800	824	9600	-28	302	22	-10520	13488	3256	363	-1697	1576	-8128	2624	-11704	-955	-6280	531	-6720	-6856	-4496	-1088	202	-45	123	129	4
-7956	-8204	11096	-139	133	-53	-11200	-2464	536	-35	1255	-67	-12640	-1184	8880	-1025	35	-273	-23008	17864	2008	520	-797	1760	-11400	1464	-13984	-1150	-6216	572	-7016	-6784	-3920	-938	154	-66	125	137	4
-7076	-9792	10664	-22	85	-13	-14200	-3440	2016	-332	1527	-102	-11216	-4352	6224	-1681	-219	-371	-30304	19704	-608	-272	-173	2226	-12944	2696	-17848	-1396	-5708	712	-5664	80	-2272	-1042	835	67	125	122	4
-7448	-9184	11004	7	59	94	-14760	-5200	-2216	-10	1651	-203	-13648	-5312	4048	-1939	-430	-480	-32768	11472	-1240	-597	209	2674	-15680	4264	-19528	-2004	-4961	810	-10144	-1544	1672	-1445	766	135	124	127	4
-7932	-7836	11436	-7	63	169	-13640	-2584	-5504	21	1858	-202	-13024	-3472	1456	-1217	-100	-301	-32768	5472	-440	155	505	2794	-20624	4400	-20568	-2509	-4657	618	-16072	-1232	4256	-1165	525	91	133	132	4
-7800	-7528	11620	-89	139	133	-12296	-432	-6608	-296	1974	-186	-12712	-3360	-200	-667	-277	-282	-32768	1120	24	1299	403	2227	-24072	-8	-17304	-1816	-3891	209	-20904	-232	9488	-225	1203	-72	131	132	4
-7872	-7888	11296	-128	207	92	-11536	-2680	-6848	-682	2010	-192	-10488	-5272	1032	-84	-183	-197	-32768	-840	384	2029	-287	1157	-17104	-3128	-15800	-214	-2535	383	-18352	928	9648	1163	2005	-486	127	146	4
-7388	-9792	11108	-113	235	207	-12672	-6384	-4976	-678	2054	-129	-10544	-7848	672	-179	-232	-150	-32768	-984	656	2287	-1243	555	-16552	-4672	-14464	1624	-1522	891	-17768	5176	12856	2179	1640	-1187	124	125	4
-7632	-10296	11012	-40	227	477	-13896	-6488	-7840	-271	2192	-142	-12400	-5048	272	583	-301	-162	-30304	-3848	-848	1965	-1699	57	-18232	-384	-9008	3853	-1458	1484	-16776	11816	15496	1547	1078	-630	147	149	4
-7600	-8980	11452	-37	285	671	-13744	-2640	-8592	-478	2280	-141	-14632	-3576	-576	587	-133	-57	-24600	-6576	-2336	1580	-1321	-867	-17008	2696	-5264	4368	-549	1311	-15368	13312	12904	1332	838	99	144	114	4
-8532	-7212	11956	-206	515	664	-13136	-1296	-12136	-915	2340	-28	-13760	-4312	200	463	0	114	-22640	-2768	-4160	1118	-418	-1323	-13696	5432	-3536	2386	367	563	-18680	8664	11104	612	813	455	116	142	4
-8080	-8160	12700	-223	540	649	-13560	-2912	-9976	-1102	2334	44	-13320	-1560	1344	401	63	91	-20288	1920	-3240	216	788	-1248	-13360	3408	-2480	-404	1502	73	-17584	3048	10344	337	480	445	139	145	4
-8344	-10096	12644	-53	954	910	-15280	-2784	-10672	-1022	2413	7	-15288	-728	4608	215	-109	43	-32768	32767	29000	-5274	-855	218	-14808	12000	-13792	-1869	2074	-37	-15616	1448	11024	824	313	243	145	141	4
-8088	-10176	14104	-40	1448	1286	-19840	-1736	-11968	-1037	2558	-58	-15776	-736	5080	179	-135	35	-3904	5648	10864	700	-2164	2549	-26104	-15912	-48	-2377	2471	-838	-13640	3192	9360	1486	1102	591	109	126	4
-6284	-12428	17392	92	2351	1796	-27912	-1600	-10000	-1300	2737	20	-23152	-8216	10640	201	-664	25	-6840	15648	21912	-1444	-2734	1489	-27600	-15000	-4840	-3147	2556	-1164	-26424	-5488	-4832	2033	2006	-516	111	135	4
-6848	-13188	18568	9	3533	2500	-29992	-3040	-12488	-1314	2942	185	-25048	-8824	12512	576	-1468	-19	-7872	17056	13672	-1430	-2022	794	-20552	1640	6576	-420	1346	781	-25912	7520	4224	1249	916	-150	137	130	4
-8236	-14440	18324	-20	4700	3440	-32768	-3912	-12352	-1346	2901	292	-30192	-10728	10912	660	-1943	-146	-9368	8736	14328	-1081	-1685	519	-19992	2208	-1656	-668	1879	123	-14952	12504	1648	1008	833	457	133	131	4
-7976	-17164	16236	443	5196	4566	-26688	-2792	-7016	-1197	2571	382	-32768	-6088	6336	325	-2213	-409	-8264	9688	12208	-892	-1571	594	-19040	2680	-5440	-679	1512	-27	-12288	6144	-2744	-158	875	458	140	137	4
-8268	-15584	11216	1105	4896	5415	-12000	-360	-4736	-2235	1541	246	-28584	328	-6720	278	-2196	-455	-9240	12016	13544	-1106	-1104	154	-19784	5080	-3016	-688	1287	123	-21352	7360	-1064	-601	496	140	118	132	4
10236	-11024	13216	1861	3627	3834	-6728	1928	-13112	-819	1193	127	-19288	-824	-14160	-373	-2028	-297	-5832	10600	15728	-764	-449	-3	-27536	-168	-912	-955	1186	-21	-25728	12608	6448	-1067	-59	466	121	141	4
9880	-15448	29304	130	940	1371	-1600	1160	-1680	667	-1009	953	-18688	-4488	-8328	-577	-1809	-484	-6376	8600	14176	-40	-60	-8	-22736	760	-6616	-1024	1305	-149	-21192	4080	928	-1205	133	166	124	134	4
14780	-19276	17544	1221	-1968	-576	11152	-2272	5840	1060	-2366	891	-19816	-7296	-5296	-275	-1530	-706	-6912	10240	12288	172	40	-69	-17784	3864	-5224	-468	1401	-158	-16136	3480	-3744	-553	183	-71	110	142	4
14024	-7876	9560	990	-2612	-1016	5432	-664	-696	2185	-3323	419	-16072	-6736	-8824	390	-1376	-671	-7824	8960	12312	196	33	-114	-13432	-960	-9680	-105	942	53	-12832	2392	-4184	-350	280	137	116	141	4
6016	-13444	6292	822	-3036	-1540	-8112	-376	-2760	2140	-4042	559	-10280	-752	-9568	1136	-838	-353	-7760	7440	12784	163	13	5	-12216	-5400	-8136	702	782	-43	-13440	816	-3304	-278	520	-56	74	141	4
1968	-10212	2576	775	-3096	-2013	-6360	32	-3512	2355	-4962	1011	-8008	5488	-9600	902	-297	217	-7152	8792	11672	82	22	130	-14056	88	-6008	1352	728	21	-15520	2336	968	-166	413	-327	147	140	4
-2136	-11092	1352	527	-2635	-2072	-7440	-2160	-9112	1817	-5269	897	-8016	6840	-8416	316	-9	426	-6472	9608	12792	97	56	67	-18024	5112	-1272	658	746	159	-16424	5616	6248	-235	149	-175	102	138	4
-6944	-9912	2724	71	-1653	-2129	-9368	-1136	-10464	1351	-5596	675	-7560	5248	-7936	-21	58	597	-6920	9120	12512	135	80	-1	-15928	4664	-992	-153	954	29	-13688	5768	9496	-429	58	-9	143	137	4
-15456	-9124	4904	-385	-640	-2053	-9512	-2032	-13592	1303	-5866	538	-5536	3696	-6992	-23	165	606	-6512	9536	12272	155	100	-50	-14944	2016	200	-554	1515	-185	-12776	5088	11088	-426	-73	246	103	140	4
-25620	-8992	6836	-810	-141	-1953	-10392	-3040	-17664	568	-6089	715	-3136	2488	-5528	687	493	491	-6616	9336	12496	123	116	-152	-14232	648	-1424	-443	1689	-28	-11360	2232	6992	-108	-21	338	125	139	4
-32768	-8148	6424	-791	-220	-2162	-10856	-2752	-19712	30	-5868	297	-5328	-168	-784	1133	247	253	-7064	9232	11632	9	114	-227	-11864	1392	-5648	-10	1877	89	-10328	872	4360	417	-153	297	127	142	4
-32768	-2756	4712	-733	-604	-2334	-16640	-4224	-19840	-337	-5202	-258	-9080	920	-120	1299	603	254	-7096	9160	11896	-3	102	-241	-12144	1864	-5744	170	2003	34	-9904	4688	2600	1028	-89	132	127	128	4
-32768	5656	2640	-1379	-784	-2191	-22208	-4344	-16800	-305	-4405	-295	-14160	16	4752	1411	770	174	-6536	9488	11664	-30	130	-253	-14136	4024	-6112	151	2055	-55	-11672	9352	-1192	1067	-149	191	110	139	4
-32768	7580	152	-1922	-952	-1568	-17360	-4440	-14312	-611	-3577	-167	-19184	-1584	9256	432	1281	345	-7368	9328	11992	-147	125	-322	-12200	5032	-10512	-227	2069	-63	-12456	9792	-976	238	-222	404	121	142	4
-32768	8008	-1912	-1613	-1322	-678	-15408	-2160	-12168	-1000	-2813	-508	-21248	-304	10848	-1204	1590	569	-7368	8680	12256	-164	152	-345	-12944	1496	-8952	-278	2126	-192	-13392	7576	-32	-687	-184	430	129	139	4
-29204	11248	-2968	-1884	-1190	-74	-17632	-880	-9632	-1634	-1994	-796	-18880	-4944	12464	-1805	994	641	-7448	8528	12184	-170	140	-375	-11432	-56	-10280	-42	2081	-147	-13224	1464	-184	-1380	-214	374	122	143	4
-25576	9060	-3632	-2204	-627	253	-16120	-1976	-6064	-2213	-1159	-634	-19848	-9968	11104	-1830	445	375	-7880	8008	12704	-134	137	-354	-10760	40	-11960	90	2105	-13	-13288	1256	1120	-779	-18	199	98	137	4
-22612	7144	-1928	-1706	-53	625	-14000	-4136	-4696	-2018	-278	-412	-17624	-8624	8736	-1276	252	90	-7336	8992	13352	-25	260	-370	-13352	1144	-12880	28	2130	-50	-15368	2648	3056	-88	150	104	115	136	4
-22552	3700	264	-867	319	842	-14552	-4520	-4440	-1017	505	-114	-15560	-5576	7896	-932	231	0	-6712	9200	14616	73	538	-511	-15816	-448	-13248	71	2139	18	-17728	4600	4688	77	103	67	153	136	4
-21200	1500	1544	-366	525	936	-16368	-2840	-3752	-143	1133	28	-16544	-2720	7360	-920	140	100	-7080	9856	14800	165	967	-692	-17064	-1536	-14424	470	2177	39	-18224	4360	6112	-22	-32	-74	112	124	4
-32768	-32768	17828	3995	-2625	-1820	-15504	-15168	-15208	10	1864	-125	-20648	-2392	6984	-1723	196	196	-7464	11016	16104	249	1481	-1020	-18136	-1696	-13336	848	2326	176	-18208	2928	8864	-165	-186	-262	56	137	4
-12980	-23212	13236	-483	-2701	-2852	-15704	-3048	-936	228	2508	-501	-15536	-8704	-4928	-2159	2030	-132	-6872	10336	18744	426	2319	-1418	-23536	-1896	-15240	1076	2527	253	-21008	5408	12808	244	-400	-582	104	119	4
-1996	-10240	19364	1231	-2712	-1260	-32768	-6736	20560	3202	1474	147	-27160	-5144	-1160	-530	1502	322	-6280	12056	20192	765	3630	-1922	-30440	-2560	-15952	1394	2525	181	-23736	9560	15272	572	-951	-456	105	140	4
-5272	-12060	17112	940	-2206	-525	-19408	304	5248	3493	1359	-565	-24520	-2816	6888	1397	408	-137	-6224	15328	20048	975	4917	-2642	-30280	320	-12816	1351	2469	-63	-28440	12184	12480	841	-1336	-236	119	132	4
-7964	-6528	14956	624	-1732	-580	-18344	5016	-8464	42	1972	-208	-16536	-648	864	1540	669	-707	-6704	15656	15848	885	5369	-3473	-25216	2624	-14168	555	2354	-173	-29824	9176	8384	613	-1703	-42	121	120	4
-7612	-7168	14400	374	-1395	-753	-22624	616	-2680	-528	1303	-213	-17752	4832	-2824	598	511	-208	-6248	13120	12320	632	5198	-4114	-16480	600	-8488	764	2018	-74	-27040	6816	-848	383	-2073	37	116	117	4
-9764	-9272	15532	456	-655	-598	-21888	-3536	-3520	-202	867	-590	-23952	-1048	6560	-346	37	-359	-6824	14152	10376	-450	4309	-3843	-15368	976	-6320	1071	1941	-8	-22104	6000	-9800	459	-2147	-4	133	138	4
-7252	-10064	13872	84	-76	-161	-26792	-5152	1688	223	1088	-283	-23424	-8376	4760	-489	17	-76	20904	5488	29048	-1270	2341	-2338	-1440	2736	-3016	1377	540	-91	-19816	9424	-10984	477	-2025	259	121	113	4
-7552	-8800	11872	-156	125	-111	-16000	-7560	-3096	299	1613	74	-15752	-6808	-896	-566	-18	4	13968	20840	28720	478	-1991	-222	6592	6112	-2824	-691	-1332	-825	-20224	13368	-2520	-428	-1868	585	121	124	4
-7660	-9756	11164	-160	127	-67	-13760	-8424	-5120	726	1455	17	-13136	-8232	-7640	-282	163	-256	18416	6944	12120	-1398	-3194	97	4496	-1000	6384	-751	-3026	23	-21248	7232	-5016	-1439	-1729	764	124	137	4
-8192	-8284	11256	-48	5	-55	-11352	-2880	-10344	472	1114	71	-12168	-6040	-7928	144	141	-245	7992	9560	8528	-586	-3553	1029	-9272	-6456	-2128	-248	-3501	-179	-13728	3336	-6304	-1956	-1566	457	123	130	4
-7960	-7884	11588	49	-55	-120	-13896	-1088	-7408	-532	785	164	-15056	-5848	-3872	476	226	-3	4832	9600	3040	-737	-3188	1913	-17952	-2856	-5040	1014	-4402	-280	-9440	-1776	-5776	-2052	-1483	-118	119	119	4
-7276	-8660	11188	120	-76	-136	-17304	-3136	-3040	-814	649	111	-17248	-3824	1352	1200	126	86	528	6736	3208	-352	-2102	2393	-15216	-1592	-4848	1025	-4570	-158	-5808	-1512	-5216	-1569	-857	-193	125	129	4
-7060	-8672	11760	110	-91	-64	-16632	-5040	-2416	-86	760	96	-16784	-664	3048	1497	147	33	-3872	10080	5648	-224	-1247	2136	-7184	1456	-8608	298	-5375	125	-7216	-2312	-3568	-1001	-221	-21	127	130	4
-7356	-8000	11724	136	-121	-53	-13472	-4264	-3400	578	1002	150	-15160	680	2992	1081	230	41	-10624	12440	8240	-259	-738	1768	-9000	4056	-10776	-683	-5585	189	-8824	-4592	-2048	-361	-77	89	121	118	4
-7404	-8092	11800	113	-90	-81	-12928	-3608	-2888	899	1145	103	-13288	-1024	5928	265	74	-147	-18640	12320	9128	-42	-560	1646	-10472	4352	-13480	-2007	-5678	200	-8456	-2480	-2408	153	-100	-89	117	142	4
-7144	-8152	12028	92	-68	-56	-14360	-2232	-2064	777	1247	45	-13232	-4216	7120	-409	-19	-332	-24528	13488	6344	141	-761	1615	-10840	2552	-14496	-2283	-5444	-100	-7272	-1192	-2328	210	120	-63	124	159	4
-6888	-8364	11796	37	-34	-36	-14648	-1280	-2568	113	1446	68	-12720	-5944	5088	-471	-168	-476	-26584	11480	3064	-170	-799	1484	-12168	968	-15312	-1966	-5170	-18	-6952	-1640	712	-148	384	22	126	128	4
-6600	-8116	11560	33	6	-10	-13656	-1520	-3392	-405	1617	85	-12568	-3976	2888	-15	-296	-494	-27848	7696	1352	-213	-471	1466	-14840	592	-15448	-1288	-4830	39	-8584	2368	2344	270	524	106	109	128	4
-7264	-7520	12044	35	15	20	-13096	-2792	-7320	-370	1635	0	-13320	-1752	1072	274	-203	-419	-29208	5576	1144	208	-208	1668	-16288	-480	-17280	-539	-4384	30	-9384	4896	3232	587	866	58	123	142	4
-7196	-7648	11948	66	31	39	-12968	-2648	-8168	-212	1576	-42	-14104	-2744	456	312	1	-201	-31320	3784	1000	843	-148	1765	-15912	-856	-15064	536	-3723	29	-11488	3888	4472	396	869	-13	127	127	4
-6932	-7840	12092	69	89	43	-13344	-1408	-8224	-108	1541	-113	-14600	-3600	2208	444	-61	-40	-31648	3184	1368	1363	-406	1405	-15688	576	-13136	1423	-3305	504	-13712	1576	5480	292	1075	-509	127	118	4
-6980	-8244	11960	-8	173	73	-13752	-1520	-7848	-121	1541	-118	-14560	-3464	2472	854	-148	-9	-32248	136	896	1869	-992	682	-18512	2200	-11024	1755	-2704	904	-17472	3672	7632	482	1177	-934	151	137	4
-7244	-7732	12180	-55	217	130	-12688	-2024	-9280	-226	1717	-159	-13840	-3216	2128	1085	-175	66	-29936	184	40	2296	-1316	266	-19744	-392	-9928	1783	-1894	945	-22224	8144	13000	490	731	-1129	127	145	4
-7584	-8408	11728	-76	236	143	-12088	-3624	-8768	-324	1775	-123	-12752	-1736	2080	731	-92	101	-25608	-888	264	2372	-1120	36	-17944	-352	-6976	2244	-1126	904	-19840	11880	12784	106	848	-821	137	138	4
-7304	-8660	11980	-76	245	191	-12424	-3800	-9584	-303	1806	-217	-13368	-2120	760	2	21	40	-22944	-256	488	1872	-607	-216	-17808	2144	-5016	2040	-373	611	-14888	11624	11392	-147	1056	-430	123	125	4
-7568	-9060	11268	-51	193	303	-12088	-3992	-10408	-361	1789	-156	-14656	-2920	-552	-418	75	-152	-22816	2376	816	627	-186	-443	-16576	4168	-2576	1256	-72	341	-15312	8088	11400	-349	1004	-131	134	101	4
-7568	-8872	12000	33	221	430	-11920	-2680	-11816	-679	1774	-168	-15536	-4976	504	-582	52	-292	-20744	1384	520	-608	120	-625	-15008	4424	-704	-213	641	51	-16784	3840	13544	-476	715	39	148	144	4
-7676	-8700	12096	67	275	579	-13320	-2784	-11968	-887	1673	-218	-16656	-4648	280	-337	37	-165	-19296	1816	1920	-1037	585	-877	-16320	2408	-2176	-1615	1251	-216	-15008	928	10928	292	967	87	119	148	4
-8372	-7820	11800	27	309	646	-11080	-3080	-12400	-975	1645	-174	-16032	-5280	-552	-113	121	62	-15184	4208	4168	-891	1124	-922	-17688	-1352	-2640	-2165	1562	-353	-13896	-2456	3344	1329	1340	-248	133	135	4
-8232	-7972	12744	20	455	682	-12320	-2400	-13824	-899	1688	-165	-15520	-5816	3720	120	92	169	-16656	32767	32767	-3626	-90	227	-17560	816	-20904	-2570	1838	-110	-16736	-4064	-2528	1595	1490	-446	123	126	4
-7668	-9216	15056	100	892	887	-13400	-2632	-13040	-891	1686	-151	-16856	-6632	9528	377	-189	235	-3640	19352	7400	863	-570	1584	-26488	-18000	-2504	-154	1197	-380	-24704	1328	-488	1369	1370	-62	128	133	4
-7444	-11692	17504	155	1744	1342	-24744	-2880	-13880	-935	2068	-103	-19712	-7552	14024	551	-665	252	-12936	17560	18776	-464	-2029	1714	-27368	232	5616	2406	859	734	-26736	-544	832	774	1433	-393	108	137	4
-6432	-12336	18496	176	2878	1917	-26496	-1472	-13616	-1092	2356	-14	-23232	-5368	13560	528	-1060	175	-8176	15240	12880	-706	-1684	1112	-24920	3896	8024	2376	699	689	-23488	9328	3728	407	1211	-179	123	128	4
-7240	-12748	18412	180	3940	2539	-28152	-1048	-13824	-1132	2472	0	-27696	-4264	12872	-111	-1368	54	-7536	12104	13016	-851	-1507	631	-20536	11808	1744	537	780	560	-17872	7424	5000	-573	834	183	142	135	4
-8448	-15148	18636	425	4552	3201	-26560	-2448	-14688	-1090	2261	57	-30024	-5928	11144	-535	-1872	-169	-8520	12632	12064	-843	-1476	606	-14240	3328	-1848	-1643	964	142	-12288	3360	-1584	-594	878	111	121	133	4
-5604	-14564	15076	466	4674	4064	-19160	-96	-9136	-1344	2031	43	-27912	-3288	4056	-374	-2096	-248	-7240	16320	13600	-1049	-1564	631	-13608	6584	-2592	-1749	865	-14	-12064	3640	-3104	-466	886	67	125	138	4
-6592	-7480	8048	780	4238	3971	-9016	1248	-8512	-2415	1406	-108	-22248	736	-5816	-449	-2136	-8	-10440	9952	13920	-1719	-782	-275	-22040	4504	776	-1956	330	333	-23160	10848	-912	-685	722	293	124	142	4
-6000	-6496	7708	760	4142	3923	-1328	696	-12040	-1262	713	-26	-17008	0	-11024	-927	-2046	87	-5992	8496	15920	-1039	-627	-95	-30568	-8368	-3368	-1248	210	363	-24648	2944	840	-2032	588	338	120	141	4
9112	6148	6532	974	2713	1671	7088	368	-9768	-233	16	224	-16216	-3464	-9776	-1326	-1744	-122	-6200	7224	15248	-299	-184	-25	-25960	-6880	-3456	15	443	23	-23224	-6904	536	-1942	512	-101	128	142	4
14836	4608	6432	613	2425	1476	10536	96	-3208	557	-1337	456	-19840	-6536	-7472	-674	-1250	-335	-6792	9032	12928	103	48	33	-17584	4848	-3040	321	355	279	-16120	-384	-2800	-175	513	-111	136	144	4
5824	-7384	9644	-530	-2317	-366	8768	-1760	-1624	1372	-2242	-156	-19224	-5872	-5880	236	-924	-230	-6952	9296	11992	160	75	44	-11624	7488	-4424	-455	43	224	-13632	7688	-4712	677	719	221	55	143	4
6720	-5780	7868	-532	-2497	-432	1608	2592	-2984	1412	-3023	-477	-15144	-4488	-6096	946	-592	63	-6616	9504	11888	85	45	11	-15000	2392	-2424	-561	-123	34	-14640	9384	-840	268	718	306	143	143	4
-264	-5240	188	-949	-2707	-823	-6600	3584	-8728	358	-3430	-378	-12520	-808	-6160	1286	-365	318	-6576	9168	12224	76	32	-12	-19840	-752	648	121	-87	61	-16648	7064	2744	-473	610	104	116	142	4
-3568	-1508	-1616	-1093	-2044	-1248	-9808	2936	-12096	-566	-3850	-49	-10656	2968	-6048	1087	-63	461	-6648	9216	12216	63	14	-29	-16976	3144	1112	516	83	127	-17424	4272	3584	-728	471	-52	159	143	4
-7476	-1744	-1244	-1121	-1006	-1275	-5816	1152	-11400	-988	-4101	27	-8984	3552	-4824	447	117	445	-6752	9216	12040	30	-21	-50	-14568	5184	928	133	292	21	-17160	3640	3504	-630	444	-54	140	137	4
-14488	-4168	4636	-903	-366	-1334	-4032	-688	-15424	-818	-4171	-325	-9144	2416	-3432	-3	311	580	-6920	9200	12152	-49	-56	-53	-14032	4208	-768	-415	325	-50	-14856	6008	1672	66	289	42	120	129	4
-25436	-7244	11420	-780	-904	-2113	-3952	-2544	-20400	-298	-4107	-474	-10592	2040	-2416	-791	538	568	-6816	8904	12168	-113	-77	-45	-15600	2088	-1800	-483	361	-54	-15552	6232	208	-3	228	32	127	135	4
-27816	-2820	9236	-715	-1966	-2788	-6016	-2304	-18240	-374	-3895	-502	-11032	-72	-2096	-1394	763	415	-6752	9184	12344	-141	-77	-50	-17512	1408	-2104	-292	391	-30	-16120	3984	-2176	-226	187	-82	126	132	4
-28884	-1788	4680	-597	-2167	-2722	-11384	-3648	-19000	700	-3330	-617	-12816	-2096	-632	-1294	953	161	-6944	8784	12480	-134	-66	-52	-17320	968	-4128	-246	334	-14	-15824	1216	-3216	-316	284	-100	123	132	4
-28316	1144	984	-366	-1678	-2723	-13200	-3592	-17544	2144	-2859	-297	-14664	-3600	368	-964	1194	21	-6856	8568	12608	-100	-47	-32	-16336	416	-4904	-221	213	8	-15400	432	-3776	-338	469	-14	119	133	4
-30648	524	2968	-128	-1089	-2311	-13704	-3456	-19864	2770	-2346	33	-17024	-5552	1776	-642	1141	68	-6896	8560	12840	-55	-22	6	-16352	1176	-3824	-139	90	67	-14408	1816	-3376	-266	588	-7	114	135	4
-31376	372	6104	-42	-1050	-1857	-15008	-344	-18576	2325	-1916	-46	-18312	-5576	3160	-40	1225	418	-6912	8728	12488	-22	-4	19	-16392	1744	-3328	-149	36	71	-13768	2944	-2248	-130	656	-186	156	130	4
-28396	176	6220	-150	-1061	-1384	-16248	1144	-16416	1057	-1610	-160	-18520	-4880	3384	240	1358	749	-6928	9000	12640	-15	-4	28	-16296	1848	-3288	-147	34	64	-18288	4224	1408	120	743	-192	134	142	4
-32768	2524	15712	69	-2485	-1632	-16184	-5120	-25232	-233	-879	-323	-19512	-6488	10024	146	1058	840	-6720	8880	12704	11	-4	36	-17048	2256	-992	267	61	57	-18424	5952	1000	361	786	-84	119	137	4
-9548	-9400	16700	170	-1946	-1277	-21584	40	-848	-2123	-512	-527	-18440	-4184	-560	-698	1774	929	-6728	9072	12624	45	27	30	-16944	3760	144	255	184	-11	-16864	5616	1576	65	442	54	121	131	4
-7736	-13456	12268	70	-1828	-951	-22896	-3760	-64	-1596	-980	-221	-22488	-1904	-2312	-1183	1985	1182	-6768	9280	12368	53	26	18	-15584	4864	-352	9	338	-80	-15320	8464	48	-182	315	50	122	132	4
-4676	-10248	15448	256	-1534	-771	-17400	-6600	64	-1	-1039	-517	-21648	-4016	352	-706	1799	935	-6928	8984	12464	46	16	-1	-15880	4376	-1816	-223	405	-148	-13480	7160	-624	-314	327	-57	122	131	4
-7900	-8196	13268	285	-1185	-683	-19200	-3320	-5328	1511	-693	4	-18792	-6216	2032	512	1510	301	-6736	9008	12368	40	12	-12	-16392	1912	-2640	-252	414	-211	-16288	4504	-1368	-458	316	-225	129	132	4
-7816	-8764	12924	35	-916	-597	-21856	1096	-5072	1866	-582	100	-17336	56	2496	1634	1321	238	-6432	9144	12440	32	11	-24	-16968	1960	-2408	-54	406	-215	-17272	2040	-3384	-336	255	-155	121	130	4
-7000	-7448	13232	-200	-776	-468	-17648	4368	-4736	1457	-873	-263	-17656	7952	2616	1518	1628	702	-6848	9184	12712	73	13	-42	-17352	2288	-4128	-67	326	-163	-16224	1544	-3904	-55	194	-105	118	130	4
-2136	-2636	15524	-310	-391	-588	-16448	5264	-3640	29	-1056	-390	-14976	8792	2504	258	2196	1140	-6808	9200	12496	84	21	-46	-17112	1984	-4384	-53	320	-163	-15304	1824	-3160	157	203	-62	123	132	4
-8204	-9120	13080	-205	-141	-565	-19424	560	-1840	-1222	-1072	-236	-16104	3648	2128	-837	2293	1098	-7080	9344	12592	92	16	-47	-15736	1696	-3208	154	251	-201	-14576	2000	-2520	451	203	-47	115	132	4
-7692	-12332	11556	-25	15	-126	-20032	-8256	-1048	-744	-1130	-377	-20816	-1888	344	-652	1831	491	-6848	9120	12480	91	10	-61	-15688	1256	-2592	310	269	-163	-16536	2528	-600	713	167	-144	107	131	4
-7364	-7624	11880	-97	48	-43	-16432	-5760	-1520	44	-1030	-596	-20768	-7552	808	-231	1078	-8	-6912	8936	12616	82	0	-50	-15792	832	-1440	470	349	-158	-19040	3688	928	957	-35	-203	112	133	4
-7552	-7372	11724	-100	89	-105	-13920	-2528	5288	-424	-711	-177	-17008	-13088	5848	-528	658	-274	-6544	8800	12576	89	9	-34	-15808	1088	-904	496	483	-144	-17512	3424	2128	798	-432	-110	118	130	4
-6468	-10480	11028	-45	66	-79	-11072	-5464	11440	-209	-173	-1	-16776	-13680	7176	-449	582	-312	-6424	9384	12232	88	11	-58	-16288	2864	-752	320	606	-155	-15592	5032	-72	1017	-583	-25	115	133	4
-6988	-10220	10996	113	-59	53	-12480	-6656	4040	637	223	-344	-19600	-6464	5096	431	50	-187	-6352	10696	12776	59	95	-186	-17944	4088	-3920	-214	595	-133	-18672	5528	-2336	1096	-373	31	114	129	4
-7724	-8212	11952	123	-96	83	-17888	-3712	-3216	811	429	-285	-16448	-2192	-2056	70	328	263	-6592	9520	13208	93	107	-314	-18744	632	-5256	-235	553	-105	-18032	2680	-4600	843	-324	-10	117	129	4
-7704	-8092	12068	46	-19	40	-19664	528	-6248	474	336	55	-14368	-840	-7128	-92	552	534	-6720	9112	13048	177	135	-376	-17072	-1600	-5320	349	501	-47	-15320	464	-5048	358	-237	-139	119	130	4
-7540	-7988	11952	-38	46	-6	-17400	-712	-4880	-225	49	-84	-14552	1488	-8280	-85	639	720	-7360	8056	12728	174	195	-339	-14672	-2240	-6608	867	527	-1	-14880	-784	-4208	69	-208	-98	111	131	4
-7488	-8408	11656	-68	68	-35	-14392	-3360	-2144	-324	1	-88	-15776	1232	-6016	349	493	430	-7400	8048	11968	216	214	-229	-14136	-344	-6944	849	465	1	-14888	-1440	-3112	163	-233	-15	100	132	4
-7400	-8448	11456	-40	37	-48	-13552	-3912	-880	-69	80	-77	-15992	-256	-2584	557	29	11	-7360	8104	11952	230	207	-207	-14112	752	-6856	527	326	0	-14272	-1704	-4600	503	-169	-22	120	135	4
-7312	-8640	11384	8	4	-52	-14688	-3872	-1384	232	163	-83	-15104	-912	-1544	454	-157	-329	-7688	7920	10928	217	34	12	-13496	1000	-6992	283	188	-6	-13424	248	-4448	794	-153	27	122	131	4
-7372	-8556	11500	47	-24	-38	-16264	-3336	-2568	382	169	-80	-15416	-736	-3136	13	-40	-340	-7608	9096	10808	111	-96	102	-13408	1648	-6008	312	100	3	-13376	824	-4584	849	-148	58	114	130	4
-7392	-8484	11560	62	-25	-35	-16736	-2280	-3208	225	127	-57	-16240	-744	-4408	-225	121	-221	-7304	9792	10560	-30	-247	79	-14096	2880	-5832	250	1	58	-13400	4656	-5200	818	-131	21	117	131	4
-7356	-8368	11692	60	-29	-51	-15912	-2488	-2784	-21	70	-49	-15584	-2464	-4856	-193	160	-90	-6792	10032	11248	-185	-376	24	-15088	2896	-5968	108	-74	76	-14752	5128	-4936	337	-23	4	133	134	4
-7616	-8400	11532	52	-28	-64	-15088	-2880	-1864	-47	77	-73	-16248	-4672	-4040	276	36	54	-7160	9656	11936	-287	-461	-38	-16480	2168	-6096	-38	-161	42	-16432	5496	-4176	-225	78	-32	99	129	4
-7268	-8384	11688	44	-27	-75	-15272	-4048	-1640	72	130	-66	-17040	-4440	-3552	774	-141	69	-6880	7160	13848	-425	-286	-3	-17280	-536	-4800	-127	-251	4	-17664	4320	-2712	-774	65	88	108	131	4
-7088	-8808	11564	47	-26	-57	-16328	-5512	-1944	438	163	-34	-15536	-2432	-4568	945	-123	75	-6624	8392	13640	-249	-168	108	-17896	-1464	-4568	-272	-238	-73	-18336	1576	-1264	-1198	32	75	127	131	4
-7312	-8636	11684	49	-20	-25	-16840	-3944	-3640	653	145	12	-15792	8	-5160	732	-117	39	-6592	8440	13360	-70	-69	121	-17696	24	-4944	-551	-228	-52	-17968	-792	-824	-1089	19	-113	118	132	4
-7296	-8500	11552	46	-18	-26	-16184	-1632	-3256	319	81	74	-15544	1264	-4032	352	-23	-41	-6632	9264	12728	21	-18	115	-17072	1448	-4528	-725	-238	-59	-16936	-56	-1264	-577	30	-162	111	130	4
-7180	-8296	11876	31	-14	-27	-15416	-1208	-2520	-188	-3	36	-15592	1560	-3296	55	-44	-99	-6760	8824	12736	56	2	99	-15824	824	-4416	-673	-252	-59	-15768	1296	-1256	-53	59	-48	119	131	4
-7296	-8340	11704	12	-10	-32	-15352	-2800	-2136	-387	-28	-15	-15616	416	-2760	-167	-110	-87	-6880	8976	12344	49	-1	92	-14960	272	-4200	-257	-220	-54	-15048	2576	-1128	293	28	31	125	133	4
-7112	-8416	11768	6	-11	-37	-15552	-3904	-2120	-243	6	-15	-15304	-1136	-2904	-341	-140	-114	-6648	9320	12512	11	0	70	-15360	608	-3536	166	-184	-7	-15968	3824	-904	303	-40	45	123	132	4
-7228	-8392	11804	5	-13	-28	-15440	-4112	-2480	49	35	9	-15384	-2008	-3448	-429	-123	-114	-6736	9152	12512	-32	-1	18	-16112	1464	-3080	314	-194	52	-16240	3704	-1136	121	-61	71	118	130	4
-7136	-8496	11640	22	-18	-31	-15856	-2928	-2880	172	41	22	-15736	-2144	-3992	-396	-67	-63	-6776	8792	12480	-41	2	27	-16336	1640	-4160	243	-159	41	-15976	3768	-1480	-40	-70	65	116	130	8
-7144	-8360	11712	23	-20	-21	-15920	-2816	-3480	75	5	23	-16008	-1784	-4240	-296	15	-36	-6600	8912	12624	-54	1	34	-15920	2344	-3760	3	-124	-20	-15752	4112	-1528	-206	-60	40	117	130	8
-7260	-8352	11776	22	-20	-25	-15776	-2600	-2560	-69	-32	11	-15928	-1648	-3928	-92	35	-9	-6616	9328	12696	-69	-15	27	-15752	2736	-3560	-278	-127	-28	-15984	4424	-1600	-353	-57	26	119	130	8
-7144	-8396	11812	22	-20	-27	-15552	-2808	-2504	-104	-54	15	-15784	-1696	-3320	73	23	-11	-6648	8992	12640	-85	-29	9	-16288	1504	-3776	-446	-128	-32	-15976	3632	-1464	-485	-23	28	122	130	8
-7200	-8264	11828	-2	-9	-31	-15688	-3048	-2432	-20	-46	15	-15824	-1464	-3352	121	-36	2	-6552	8888	12760	-72	-33	2	-16496	608	-4008	-319	-98	-45	-16632	2272	-488	-483	-48	35	122	131	8
-7148	-8352	11800	-6	1	-35	-15800	-2664	-2376	11	-29	13	-16032	-976	-2784	95	-80	10	-6640	8840	12752	-42	-21	0	-16496	360	-3816	-80	-84	-22	-16968	1440	-160	-260	-50	35	131	131	8
-7156	-8256	11844	-15	1	-33	-15760	-2600	-2056	14	-16	5	-15696	-1224	-2728	31	-103	-4	-6536	8944	12752	-9	-16	-6	-16296	616	-3800	84	-67	16	-16424	1296	-792	101	-40	44	117	132	8
-7088	-8404	11724	-20	8	-29	-15768	-3112	-2056	52	-24	-6	-15688	-1184	-3168	-14	-88	-7	-6736	8752	12624	4	-11	-5	-15968	768	-3704	157	-50	31	-15856	2032	-1112	371	-74	82	124	131	8
-7144	-8400	11736	-24	14	-25	-16248	-2928	-2904	59	-39	-13	-15880	-1096	-3216	-59	-45	4	-6600	8760	12768	7	-15	-3	-15912	1304	-3648	162	-33	23	-15848	3584	-1448	441	-83	76	122	131	8
-7116	-8188	11864	-29	20	-22	-15712	-2600	-2656	-17	-59	-11	-15696	-1144	-3784	-35	-12	-12	-6584	8952	12624	4	-13	-1	-16000	2000	-4000	49	-29	17	-16016	4328	-1528	263	-114	26	127	131	8
-7172	-8300	11860	-38	27	-31	-15472	-2832	-2416	-100	-72	-14	-15664	-1240	-3152	-3	-26	-16	-6632	8856	12696	-4	-19	-1	-16072	1504	-3984	-56	-22	-5	-15816	3896	-1528	-16	-101	31	115	131	8
-7144	-8368	11852	-40	34	-38	-15784	-2952	-2016	-93	-65	-13	-16016	-1408	-2984	-27	-48	-25	-6560	8800	12592	-17	-12	-1	-16016	960	-3952	-19	-23	-11	-15984	3992	-1456	-196	-83	37	116	131	8
-7184	-8420	11764	-43	32	-36	-15704	-2976	-1984	-60	-38	-15	-16000	-1480	-2520	-63	-53	-37	-6568	8832	12576	-14	-16	-1	-16456	1232	-3888	-5	-27	-1	-16248	3104	-1400	-246	-69	2	121	131	8
-7048	-8520	11716	-38	25	-32	-15640	-3080	-1608	-44	-23	-10	-15904	-2008	-2624	-93	-52	-39	-6600	8904	12504	5	-12	-8	-16480	1320	-3968	-23	-36	-8	-16336	2784	-936	-171	-48	4	124	130	8
-7168	-8456	11708	-22	17	-27	-15656	-3232	-2168	22	-12	-20	-15792	-2072	-2776	-80	-36	-14	-6608	8840	12704	8	-8	-17	-16168	904	-3656	-25	-46	-6	-16312	2112	-1320	-43	-14	-8	130	131	8
-7180	-8364	11848	-17	12	-25	-15888	-3048	-2176	-19	-1	-20	-15704	-1792	-3176	-40	-31	21	-6592	8744	12712	7	-8	-14	-16120	400	-4000	21	-47	5	-16080	2240	-1064	125	-39	-11	116	131	8
-7164	-8372	11692	-19	11	-25	-16096	-2720	-2320	-33	1	-13	-15664	-1624	-3240	38	-25	36	-6424	8984	12696	16	-1	-15	-16040	784	-3704	130	-40	11	-16152	2760	-840	208	-31	28	123	130	8
-7220	-8372	11824	-14	9	-30	-15792	-2936	-2472	-10	-4	-22	-15808	-1704	-3448	44	-19	38	-6488	8824	12608	23	-10	-11	-16224	1504	-3552	128	-23	34	-16224	3272	-1256	196	-9	11	121	130	8
-7256	-8364	11728	-14	8	-33	-15712	-2904	-2304	18	-4	-16	-15784	-1352	-3200	64	-26	17	-6656	8824	12840	22	-9	-21	-16032	1592	-4008	43	-27	37	-15832	3800	-1408	121	-44	-8	123	131	8
-7164	-8384	11776	-12	5	-34	-15552	-2824	-2264	70	4	-17	-15656	-1248	-2896	53	-24	-4	-6648	8792	12616	16	-10	-16	-16016	1040	-3936	9	-10	-5	-15824	3896	-712	-16	-37	15	123	130	8
-7180	-8480	11680	-11	9	-29	-16032	-3016	-2224	47	-2	-14	-15808	-1328	-2928	7	-25	-19	-6624	8880	12480	9	-10	-14	-16112	1064	-3432	46	-8	-4	-16208	3704	-424	-86	-20	20	115	130	8
-7160	-8360	11764	-12	8	-30	-15664	-2888	-2232	7	-2	-25	-15952	-1384	-2976	-16	-13	-19	-6568	8800	12688	14	-14	-13	-16128	1168	-3424	51	-6	0	-15896	2896	-888	-118	-41	-10	113	130	8
-7120	-8368	11736	-10	9	-32	-15744	-2928	-2192	-43	-2	-20	-15904	-1688	-3192	-17	-8	0	-6536	8776	12664	9	-9	-15	-16112	1120	-3864	-1	25	-12	-16032	2904	-432	-42	-75	4	124	131	8
-7164	-8472	11772	-6	13	-26	-15776	-3280	-2328	-21	-9	-24	-15864	-1936	-3160	-22	-9	11	-6472	8976	12560	12	-10	-14	-16160	1112	-3488	-13	34	-26	-16160	2736	-768	44	-48	20	120	131	8
-7132	-8404	11760	-3	12	-28	-15760	-3080	-2440	-14	-8	-30	-15872	-1728	-3120	27	-9	15	-6448	8872	12832	21	-9	-12	-16280	984	-3824	-43	31	-13	-16136	2752	-768	112	-68	-2	115	131	8
-7164	-8372	11680	-3	9	-24	-15688	-2936	-2432	14	-1	-20	-15496	-1328	-3384	34	-16	25	-6472	8712	12488	23	2	-16	-16304	752	-3864	0	45	-24	-15992	2912	-1024	151	-59	-3	120	131	8
-7116	-8416	11800	-8	7	-32	-15616	-2984	-2336	0	-6	-21	-15864	-1488	-3000	15	-18	27	-6440	8936	12568	16	0	-17	-16064	856	-4048	58	36	-16	-16192	3152	-976	141	-37	5	121	131	8
-7104	-8444	11776	-6	13	-31	-15856	-3272	-2640	-5	-3	-23	-15864	-1648	-2992	4	-10	20	-6504	8880	12792	20	-4	-13	-16040	976	-4112	57	30	-1	-16080	3008	-1312	129	-39	-4	121	130	8
-7132	-8496	11676	-6	11	-28	-15704	-3008	-2200	-6	-1	-22	-15848	-1896	-3152	6	-15	-2	-6744	8872	12736	14	-4	-14	-16056	1352	-4248	40	24	-12	-15936	3176	-1216	103	-39	-10	121	130	8
-7156	-8404	11740	-6	9	-25	-15688	-2752	-2080	31	1	-19	-15784	-1552	-2704	14	-5	-1	-6648	8880	12744	14	-9	-17	-16240	1232	-3840	3	26	-17	-16088	3352	-1320	63	-20	7	118	131	8
-7088	-8392	11888	-11	14	-32	-15632	-2800	-2352	-26	12	-23	-15840	-1576	-3240	15	0	7	-6488	8856	12632	10	-12	-19	-16152	1072	-4048	-28	24	-12	-16016	2968	-1072	10	-26	15	120	131	8
-7136	-8420	11768	-17	15	-29	-15800	-3080	-2216	-15	9	-26	-15808	-1472	-3208	14	3	9	-6496	8792	12888	9	-8	-14	-16072	816	-4200	-11	31	-7	-15984	2928	-1120	-13	-25	-2	121	131	8
-7200	-8360	11692	-21	18	-30	-15688	-3056	-2176	19	8	-22	-15768	-1408	-3192	0	6	18	-6512	9000	12608	10	-10	-16	-16280	1056	-3632	-2	31	-8	-16040	3168	-1024	0	-21	-11	121	131	8
-7188	-8380	11676	-20	17	-30	-15760	-2712	-2168	-8	12	-14	-15776	-1352	-2912	-6	-3	22	-6512	8864	12840	16	-7	-20	-16344	1216	-4048	-28	24	-3	-16216	3008	-1256	-10	-10	-9	121	131	8
-7140	-8440	11744	-22	20	-28	-15560	-3000	-2376	-45	8	-22	-15656	-1720	-3352	-27	-8	20	-6544	8656	12728	14	-3	-22	-16152	784	-4144	-29	21	1	-15984	2544	-1288	-31	-6	-11	119	131	8
-7152	-8436	11708	-22	17	-27	-15760	-3320	-2168	-18	7	-19	-15856	-1600	-3072	-14	-8	10	-6496	8720	12576	15	-6	-20	-16136	760	-4088	-19	15	2	-16152	2848	-1136	4	15	-16	123	131	8
-7116	-8452	11700	-17	18	-27	-15720	-3136	-2400	18	16	-15	-15808	-1488	-3344	-16	3	13	-6512	8760	12664	18	-2	-17	-16056	840	-3848	16	-3	11	-16064	2904	-1312	27	13	5	121	131	8
-7108	-8472	11736	-21	16	-23	-15632	-2792	-2248	10	13	-16	-15624	-1560	-3216	-29	12	11	-6480	8928	12624	18	-1	-16	-16144	912	-4008	30	-4	6	-16048	2840	-1200	47	14	6	123	131	8
-7140	-8492	11820	-14	15	-18	-15816	-2808	-2336	-39	8	-18	-15776	-1528	-3136	-38	11	7	-6608	8912	12672	15	-6	-26	-16040	976	-3848	17	6	6	-16120	2936	-824	38	26	1	121	131	8
-7148	-8444	11780	-19	17	-27	-15672	-3032	-2080	-73	8	-17	-15912	-1608	-3288	-27	7	21	-6416	8816	12736	20	-1	-23	-16080	888	-4128	3	1	16	-16216	3104	-960	57	18	-4	118	131	8
-7176	-8464	11708	-17	15	-28	-15528	-3192	-2232	-21	18	-21	-15784	-1784	-2840	1	0	31	-6584	8856	12544	22	-2	-22	-16184	776	-4040	16	4	6	-16040	2992	-1088	37	20	-5	119	131	8
-7136	-8424	11704	-16	12	-28	-15768	-3240	-2128	39	26	-17	-15784	-1904	-2896	16	9	30	-6544	8856	12800	20	-8	-19	-16120	1048	-3816	37	8	10	-15952	3144	-1224	13	9	2	121	131	8
-7124	-8464	11760	-7	12	-24	-15744	-2944	-2208	84	36	-16	-15736	-1680	-3088	38	16	25	-6576	8720	12808	24	0	-20	-15984	1208	-3960	21	12	6	-16256	3112	-824	18	-4	5	122	131	8
-7132	-8392	11772	-5	8	-27	-15808	-2760	-2488	46	33	-11	-15712	-1424	-3264	38	18	29	-6640	8848	12768	18	-4	-22	-16096	1072	-3760	-6	31	7	-16072	3016	-800	29	2	7	119	131	8
-7164	-8396	11760	-5	10	-23	-15768	-2816	-2576	-11	29	-18	-15912	-1576	-3336	21	20	37	-6504	8872	12568	15	-5	-27	-16120	1024	-3912	-4	33	-1	-16032	2872	-616	37	-12	4	120	131	8
-7164	-8396	11796	-7	12	-26	-15752	-3104	-2440	-18	21	-14	-15776	-1464	-3400	15	21	36	-6448	8896	12696	12	-6	-22	-16064	920	-3776	-8	36	3	-16104	3056	-896	45	-19	5	121	130	8
-7140	-8432	11680	-9	11	-26	-15744	-3000	-2528	2	15	-10	-15856	-1488	-3408	8	18	28	-6368	8848	12752	9	-4	-28	-16064	1056	-3960	-7	38	12	-16240	3040	-1080	34	-5	15	121	130	8
-7168	-8448	11828	-11	12	-25	-15632	-3000	-2384	-3	21	-10	-15600	-1528	-3304	-5	13	24	-6592	8840	12544	13	-9	-28	-16168	968	-4648	-44	40	16	-16120	2664	-1456	21	4	0	121	131	8
-7160	-8472	11740	-9	13	-21	-15744	-2912	-2624	-14	20	-14	-15648	-1584	-3096	-13	12	24	-6704	8888	12680	8	-6	-24	-16248	880	-4464	-27	27	8	-16168	2720	-1176	32	6	-8	121	131	8
-7124	-8500	11740	-6	12	-26	-15688	-3272	-2472	-10	18	-12	-15632	-1680	-3320	-15	13	20	-6568	9008	12664	5	-5	-23	-16136	848	-4016	3	14	12	-16032	2840	-1344	28	26	13	118	131	8
-7136	-8436	11696	-10	15	-22	-15608	-3088	-2216	25	21	-3	-15688	-1704	-3288	2	21	14	-6552	8920	12680	11	1	-30	-16176	888	-4144	4	2	13	-16424	3056	-1136	23	30	12	120	131	8
-7132	-8384	11828	-6	11	-22	-15712	-2728	-2488	13	20	-4	-15600	-1464	-3376	12	14	31	-6544	8848	12576	18	-6	-23	-16152	880	-4176	-3	6	17	-16104	2992	-976	23	28	3	117	130	8
-7192	-8332	11720	-9	11	-28	-15680	-2912	-2504	-20	18	-2	-15696	-1416	-3360	2	3	37	-6592	8904	12824	19	-5	-21	-16160	896	-4184	6	13	10	-16096	2944	-1360	26	30	4	121	130	8
-7096	-8448	11788	-7	10	-24	-15720	-3200	-2296	-21	22	-8	-15784	-1576	-3136	-3	9	32	-6464	8888	12640	14	4	-23	-16056	912	-4088	13	5	24	-16064	2976	-1224	32	35	7	117	130	8
-7120	-8412	11708	-8	17	-23	-15752	-3192	-2408	6	23	1	-15656	-1680	-3296	-10	9	16	-6488	8856	12648	17	1	-28	-16184	872	-4136	22	4	32	-16200	3200	-1520	33	37	-1	119	130	8
-7160	-8424	11772	-7	9	-21	-15656	-2928	-2288	20	21	0	-15928	-1472	-3496	-10	10	18	-6464	8632	12608	28	0	-28	-16224	1120	-4280	-13	-12	32	-16224	3144	-1280	-13	43	-5	124	130	8
-7152	-8396	11776	-5	12	-20	-15840	-2928	-2480	-16	22	0	-15712	-1680	-3336	-12	15	25	-6656	8840	12744	26	3	-27	-16256	1008	-4536	0	-12	26	-16208	3000	-1544	-36	52	4	120	131	8
-7156	-8400	11676	-6	15	-15	-15752	-3096	-2320	-5	19	6	-15688	-1648	-3296	-1	23	33	-6568	8960	12832	23	9	-26	-16096	976	-4160	-11	-27	30	-16192	2848	-1472	-53	64	5	116	131	8
-7112	-8444	11764	-7	12	-18	-15688	-3176	-2184	1	18	7	-15752	-1440	-3336	-4	18	37	-6600	8880	12752	24	7	-29	-16056	832	-4400	-24	-39	44	-16120	2616	-1416	-55	73	12	121	131	8
-7108	-8484	11708	-7	8	-23	-15848	-3040	-2480	-1	26	10	-15712	-1528	-3160	4	15	32	-6584	8672	12760	21	7	-27	-16224	864	-4216	-11	-43	38	-16008	2880	-1368	-13	69	19	119	131	8
-7140	-8444	11768	-4	8	-19	-15720	-2872	-2536	2	19	6	-15776	-1440	-3288	1	13	37	-6552	8880	12728	26	5	-27	-16112	1032	-4152	8	-56	38	-16176	2928	-1352	13	84	17	120	131	8
-7080	-8360	11744	-7	16	-22	-15696	-2936	-2376	-5	23	8	-15824	-1248	-3360	-14	12	30	-6600	8880	12728	22	15	-29	-16152	1104	-4080	28	-61	45	-16152	3016	-1296	31	91	11	123	131	8
-7144	-8432	11732	-10	15	-20	-15680	-3152	-2104	-27	22	11	-15808	-1368	-3352	-42	6	30	-6608	8816	12544	20	9	-30	-16112	848	-3912	31	-67	42	-15904	2920	-1432	-14	101	3	124	131	8
-7172	-8436	11656	-7	11	-18	-15864	-2968	-2536	-32	22	13	-15848	-1760	-3504	-46	21	21	-6632	8720	12648	25	11	-33	-16144	1024	-3904	35	-71	55	-16032	3104	-1448	-31	98	-1	122	131	8
-7128	-8424	11760	-8	13	-16	-15848	-3112	-2344	-7	24	13	-15864	-1832	-3232	-24	17	26	-6560	8680	12856	40	14	-24	-16168	944	-4176	48	-78	56	-16160	3120	-1536	-48	107	11	120	131	8
-7108	-8408	11768	-8	14	-14	-15864	-2944	-2488	-2	31	17	-15792	-1600	-3448	-5	21	34	-6648	8784	12640	40	15	-27	-16168	1120	-3840	64	-70	42	-15992	2992	-1360	-27	112	10	120	131	8
