#Activity	standing going_down standing 
#ActivityID	8 4 8 
#Date 08-22-17-45
acc_rf_x	acc_rf_y	acc_rf_z	gyro_rf_x	gyro_rf_y	gyro_rf_z	acc_rs_x	acc_rs_y	acc_rs_z	gyro_rs_x	gyro_rs_y	gyro_rs_z	acc_rt_x	acc_rt_y	acc_rt_z	gyro_rt_x	gyro_rt_y	gyro_rt_z	acc_lf_x	acc_lf_y	acc_lf_z	gyro_lf_x	gyro_lf_y	gyro_lf_z	acc_ls_x	acc_ls_y	acc_ls_z	gyro_ls_x	gyro_ls_y	gyro_ls_z	acc_lt_x	acc_lt_y	acc_lt_z	gyro_lt_x	gyro_lt_y	gyro_lt_z	EMG_r	EMG_l	act
-7476	-8232	11708	-14	13	-18	-15632	-2504	-2984	32	10	-5	-15616	-848	-3488	-7	-3	27	-6720	8528	13008	10	-4	-16	-16216	1112	-2992	-49	-20	28	-15928	2696	-2768	-13	51	-6	122	132	8
-7448	-8276	11700	-11	16	-20	-15832	-2384	-2984	4	-4	-2	-15944	-760	-3376	-1	0	25	-6888	8376	12584	12	-1	-23	-16272	1000	-3152	8	-21	27	-15768	2584	-3048	-18	53	-12	122	131	8
-7436	-8236	11668	-20	20	-19	-15896	-2560	-2728	-43	-8	3	-15976	-640	-3360	0	-6	20	-7000	8360	12920	13	-2	-23	-16224	1272	-3096	30	-27	33	-15856	2744	-2696	-17	32	-16	122	131	8
-7432	-8200	11728	-16	17	-21	-15792	-2472	-2760	-38	-6	-2	-15776	-640	-3424	-19	-11	9	-6888	8440	12832	15	1	-21	-16240	1560	-3016	4	-24	30	-15784	2704	-2592	-16	29	-9	121	131	8
-7444	-8244	11712	-11	15	-22	-15520	-2632	-2664	-20	-1	2	-15752	-808	-3576	-36	-19	-1	-6848	8424	12712	13	-2	-20	-16488	1480	-2768	-28	-19	28	-15984	2944	-2512	-19	19	5	121	130	8
-7464	-8268	11596	-10	13	-25	-15720	-2520	-2664	-1	2	3	-15832	-872	-3472	-42	-24	-6	-6912	8128	12832	13	-11	-19	-16152	1160	-2912	-23	-8	22	-15976	2984	-2680	-37	15	9	120	130	8
-7484	-8304	11692	-5	6	-23	-15776	-2528	-2680	9	3	8	-15920	-1000	-3464	-34	-22	-8	-6896	8280	12896	5	-9	-17	-16280	1304	-2848	-17	3	23	-16008	2832	-2224	-48	18	9	120	130	8
-7420	-8272	11660	-8	10	-23	-15896	-2336	-2608	11	1	11	-15864	-976	-3376	-23	-12	1	-6824	8304	12664	11	-8	-16	-16352	1288	-2632	-29	10	30	-16040	2952	-2456	-39	22	8	120	130	8
-7484	-8200	11652	-17	9	-21	-15768	-2488	-3160	5	2	5	-15712	-864	-3456	-30	-10	18	-6848	8432	12960	9	-5	-20	-16488	1376	-2840	-36	16	28	-15832	2832	-2512	-18	30	8	120	129	8
-7440	-8216	11740	-17	11	-23	-15784	-2504	-2688	1	-4	8	-15912	-824	-3616	-20	-5	31	-6760	8240	12744	8	-4	-19	-16416	1160	-3112	-24	15	25	-15784	2776	-2696	-23	29	-2	120	129	8
-7532	-8168	11620	-22	11	-19	-15824	-2384	-2680	-4	-7	12	-15856	-832	-3224	-3	-6	27	-6912	8224	13008	10	-7	-22	-16424	1312	-2952	-8	13	29	-15912	2848	-2744	-26	28	-1	120	128	8
-7360	-8148	11696	-19	10	-23	-15624	-2384	-2952	-5	-5	11	-15864	-760	-3376	20	-17	28	-6960	8512	12968	13	-2	-21	-16424	1440	-3032	-30	5	32	-15984	2760	-2856	-26	30	3	119	128	8
-7452	-8200	11744	-19	14	-24	-15696	-2464	-2728	6	-1	9	-15784	-608	-3320	16	-23	30	-6912	8344	12728	10	3	-21	-16368	1432	-3224	-46	7	25	-15840	2752	-2792	-12	31	13	119	128	8
-7468	-8240	11652	-19	11	-25	-15896	-2560	-2592	5	-2	7	-15896	-768	-3624	0	-22	26	-7008	8352	12896	12	-3	-20	-16304	1296	-3008	-35	-1	22	-15848	2904	-2848	-2	29	16	119	129	8
-7452	-8268	11712	-17	14	-22	-15656	-2416	-2760	-15	4	13	-15880	-696	-3024	-9	-13	17	-6952	8280	12744	16	-4	-24	-16168	1200	-2952	7	1	36	-15808	2872	-2920	-6	26	10	119	129	8
-7468	-8208	11716	-19	14	-23	-15808	-2448	-2624	-24	3	5	-15896	-608	-3272	-25	-14	17	-6904	8256	12984	11	-3	-20	-16288	1416	-2992	17	1	31	-15840	2728	-2616	-12	19	5	119	128	8
-7428	-8188	11688	-14	16	-23	-15800	-2528	-2960	-10	5	8	-15856	-792	-3352	-45	-10	22	-6840	8400	12976	12	-6	-19	-16280	1568	-2672	-11	-3	32	-15848	3072	-2656	-9	16	13	118	128	8
-7400	-8228	11648	-7	10	-17	-15728	-2432	-2856	2	7	-2	-15784	-984	-3560	-45	-7	20	-6768	8376	12792	14	-2	-22	-16400	1392	-2904	-53	-10	33	-15952	2920	-2816	-5	19	17	118	128	8
-7420	-8228	11672	-4	12	-20	-15744	-2512	-2768	2	6	8	-16064	-840	-3408	-31	-4	20	-6920	8424	12840	17	-4	-21	-16392	1112	-3328	-30	-13	26	-15888	2832	-3160	-12	32	11	118	128	8
-7468	-8232	11616	-8	15	-21	-15848	-2464	-2656	-8	3	13	-16016	-896	-3408	-3	-12	32	-6896	8272	12816	17	0	-19	-16240	960	-3080	22	-23	38	-15888	2664	-2872	-2	35	2	118	128	8
-7440	-8288	11740	-1	17	-22	-15808	-2288	-2664	-15	7	5	-15808	-816	-3304	10	-12	36	-6880	8280	13064	20	-2	-22	-16112	1440	-3096	40	-25	47	-15848	2568	-3040	16	19	1	118	127	8
-7452	-8224	11660	-6	13	-22	-15704	-2328	-2800	-8	9	8	-15808	-856	-3304	9	-15	36	-6992	8224	12816	22	-3	-17	-16264	1656	-2720	6	-18	38	-15904	2896	-2656	29	4	16	118	127	8
-7464	-8236	11700	-8	12	-17	-15808	-2576	-2744	3	16	9	-15768	-864	-3336	5	-14	41	-6912	8464	12792	16	-3	-21	-16264	1648	-2536	-17	-12	25	-15896	3000	-2672	41	-9	38	117	128	8
-7404	-8224	11600	-7	10	-22	-15880	-2488	-3008	15	18	8	-15760	-760	-3624	8	-5	36	-6856	8288	12832	12	-7	-18	-16200	1048	-2896	-3	-2	29	-15896	2880	-2656	48	-4	47	117	128	8
-7412	-8240	11676	-3	11	-21	-15792	-2328	-2856	0	14	7	-15960	-592	-3488	18	-7	35	-6832	8240	12872	12	-6	-19	-16472	1224	-3072	54	0	32	-15816	2904	-2568	64	8	32	117	128	8
-7436	-8204	11728	-6	13	-22	-15632	-2464	-2712	-5	19	11	-15824	-728	-3344	21	-2	45	-6920	8384	12816	19	-5	-17	-16248	1544	-2840	66	4	29	-15888	3016	-2728	62	6	16	117	128	8
-7452	-8280	11612	-12	9	-25	-15704	-2456	-2976	1	18	8	-15784	-736	-3424	19	-10	37	-6944	8416	13096	10	-5	-23	-16304	1592	-2976	19	8	27	-15784	3080	-2752	49	1	11	117	128	8
-7528	-8280	11556	-9	10	-17	-15632	-2200	-2984	0	9	10	-15704	-736	-3416	18	-6	37	-6952	8336	12816	15	-6	-17	-16352	1528	-2704	-14	10	23	-15992	3224	-2328	20	-4	18	117	128	8
-7448	-8224	11768	-5	11	-21	-15720	-2216	-2856	-4	11	10	-15632	-656	-3408	15	-2	40	-6808	8280	13152	8	-5	-20	-16328	1016	-2672	-8	18	19	-15832	2944	-2744	-13	10	22	117	129	8
-7376	-8280	11700	-12	12	-18	-16000	-2344	-2768	-7	5	8	-16024	-616	-3552	16	-5	46	-6840	8360	12872	12	0	-21	-16320	1176	-2800	18	18	30	-15760	2552	-2920	-6	23	10	117	128	8
-7444	-8232	11684	-23	13	-26	-15848	-2392	-2832	-1	7	12	-15992	-520	-3656	17	-8	55	-6960	8352	12872	11	-3	-20	-16504	1528	-3144	11	9	41	-15768	2616	-3088	35	30	-5	117	128	8
-7452	-8224	11708	-28	16	-17	-15832	-2336	-2728	3	4	12	-15880	-560	-3576	7	-3	50	-6840	8224	12880	20	0	-18	-16232	1568	-3176	-34	0	38	-15872	2712	-3136	50	34	2	118	129	8
-7444	-8208	11596	-25	16	-19	-15720	-2400	-2760	-2	4	9	-15792	-632	-3544	-11	-9	37	-6976	8232	13016	15	-1	-16	-16456	1544	-3144	-42	-2	32	-15696	3288	-2824	30	31	13	118	129	8
-7456	-8252	11580	-22	15	-14	-15712	-2288	-2872	-35	-1	13	-15656	-584	-3712	-27	-10	29	-6752	8280	12848	18	-5	-16	-16232	1312	-3112	-20	-9	35	-15816	3288	-2984	-10	37	21	118	129	8
-7484	-8252	11620	-21	13	-16	-15832	-2376	-2944	-61	3	9	-15648	-456	-3352	-44	-16	17	-6880	8368	12904	15	-3	-18	-16496	1264	-3016	32	-11	41	-15896	2848	-3048	-29	22	18	118	128	8
-7476	-8260	11748	-20	16	-18	-15912	-2088	-2976	-42	-2	5	-15832	-608	-3448	-62	-15	12	-6760	8504	12904	21	-4	-20	-16416	1408	-3016	38	-7	35	-15832	2656	-2984	-5	12	3	118	129	8
-7448	-8192	11764	-13	19	-17	-15664	-2320	-2952	-33	-1	10	-15696	-392	-3560	-72	-16	19	-6944	8400	12712	13	-1	-19	-16280	1640	-3056	-1	-21	40	-15848	2776	-3048	35	8	-3	117	129	8
-7464	-8200	11748	-17	15	-19	-15768	-2400	-2736	-17	-5	8	-15600	-664	-3496	-55	-16	21	-6840	8208	13040	21	5	-19	-16448	1688	-2912	-11	-22	35	-15840	3040	-3136	42	13	8	117	128	8
-7444	-8276	11628	-9	16	-22	-15888	-2264	-2864	-1	1	5	-15656	-800	-3400	-30	-21	27	-6848	8320	12984	19	-1	-19	-16208	1224	-3040	21	-21	33	-15752	2936	-2632	27	11	24	118	129	8
-7488	-8340	11580	-11	18	-18	-16008	-2336	-2728	-10	-2	5	-15896	-768	-3400	-5	-16	30	-6840	8368	12816	17	-3	-21	-16320	1432	-2848	58	-16	39	-15744	2776	-2912	30	-5	15	118	129	8
-7476	-8220	11724	-8	17	-20	-15824	-2112	-2704	-30	0	14	-15920	-744	-3232	9	-9	25	-6928	8304	12856	20	0	-21	-16496	1728	-2912	41	-14	37	-15872	3080	-2712	75	-8	12	118	129	8
-7460	-8288	11676	-10	10	-21	-15832	-2240	-2624	-29	-1	-1	-15792	-728	-3232	6	-10	27	-6920	8344	12856	21	-5	-20	-16440	1672	-2856	11	-11	25	-16048	3176	-2800	86	-2	17	118	129	8
-7460	-8272	11568	-10	11	-23	-15672	-2304	-3040	-8	2	5	-15712	-640	-3440	2	-17	36	-6888	8360	12904	13	-1	-21	-16232	1560	-2776	12	-8	25	-15752	3280	-2704	59	0	12	118	129	8
-7508	-8304	11608	-6	12	-21	-15864	-2424	-2944	19	3	4	-15792	-648	-3496	12	-14	42	-6840	8408	12760	16	0	-20	-16296	1432	-2976	38	-7	22	-15808	3280	-2624	21	2	12	118	129	8
-7456	-8160	11612	-6	9	-20	-15784	-2208	-2808	23	4	2	-15952	-640	-3488	12	-13	33	-6888	8400	13112	19	-7	-19	-16328	1592	-2712	53	-1	22	-15816	2928	-2848	8	-2	19	118	130	8
-7492	-8212	11684	-9	13	-23	-15792	-2136	-2888	-3	1	-3	-15672	-512	-3264	19	-15	28	-6760	8376	12840	16	-4	-20	-16320	1488	-2856	45	2	22	-15848	2928	-2880	27	-5	16	118	130	8
-7428	-8292	11628	-7	9	-20	-15824	-2296	-2688	-19	1	1	-16008	-528	-3264	11	-11	25	-6872	8416	13048	13	-1	-20	-16304	1528	-2992	-21	3	23	-15736	2952	-3024	45	-4	9	118	130	8
-7472	-8264	11740	-5	11	-25	-15776	-2312	-2704	-17	0	-3	-15872	-688	-3360	-3	-9	26	-6864	8344	12776	14	-2	-17	-16416	1520	-3048	-24	-13	14	-15936	3056	-3080	42	8	8	117	130	8
-7424	-8216	11688	-12	8	-22	-15712	-2240	-2936	-16	-4	-2	-15720	-720	-3576	-13	-10	26	-6880	8448	12816	20	-2	-18	-16376	1256	-3232	19	-8	15	-15728	2888	-2784	19	19	8	117	130	8
-7456	-8216	11708	-8	9	-22	-15776	-2256	-2672	-8	3	-1	-15928	-712	-3296	-5	-16	26	-6824	8232	12920	18	-4	-21	-16168	1264	-2992	54	-12	23	-15768	2848	-2824	14	12	4	118	130	8
-7464	-8188	11652	-4	10	-27	-15696	-2360	-2936	22	10	-3	-15856	-592	-3512	-1	-9	26	-6832	8320	12776	21	-2	-19	-16312	1808	-3016	51	-10	25	-15808	2904	-2696	35	-2	10	117	130	8
-7484	-8176	11640	-8	11	-19	-15880	-2168	-2960	20	7	-2	-15832	-600	-3304	-12	3	26	-6840	8256	12848	21	1	-23	-16288	1640	-2896	0	-7	24	-15888	3256	-2824	57	-6	12	117	130	8
-7420	-8300	11744	-8	14	-19	-15664	-2272	-3224	-16	4	-2	-15840	-560	-3384	-19	-2	29	-6864	8416	13040	17	0	-20	-16440	1416	-2976	-18	-8	19	-15776	3096	-3080	51	2	14	117	130	8
-7452	-8164	11724	-7	13	-13	-15904	-2192	-2904	-13	0	0	-15920	-696	-3456	-13	-1	30	-6984	8336	12888	22	-5	-24	-16264	1352	-3016	16	-13	21	-15760	2936	-2904	46	18	11	117	130	8
-7476	-8228	11612	-11	12	-21	-15744	-2240	-2824	-19	3	-2	-15784	-496	-3288	5	-6	32	-6808	8208	13088	21	-2	-16	-16304	1360	-2864	53	-13	26	-15856	2864	-3016	42	18	7	118	130	8
-7476	-8188	11680	-7	15	-26	-15728	-2320	-2664	-3	11	5	-15776	-768	-3280	29	-10	32	-6808	8304	13048	22	3	-20	-16200	1600	-2808	48	-15	23	-15744	2728	-3048	45	9	3	118	130	8
-7484	-8208	11604	-11	16	-24	-15856	-2272	-2712	36	16	-3	-15928	-584	-3320	37	-14	38	-6864	8392	12968	21	2	-23	-16312	1864	-3016	14	-14	26	-15728	3240	-2680	69	-6	4	118	130	8
-7480	-8244	11584	-11	15	-17	-15696	-2160	-2984	45	18	-5	-15704	-608	-3304	44	2	36	-6952	8384	13088	20	0	-19	-16304	1608	-3040	5	-17	20	-15880	3104	-2880	68	-13	17	118	131	8
-7496	-8220	11688	-9	12	-18	-15784	-2000	-3104	16	11	-1	-15768	-456	-3488	36	0	37	-6952	8352	12776	13	-8	-19	-16320	1408	-3240	38	-9	15	-15744	3120	-3040	53	-8	22	118	130	8
-7444	-8228	11644	-6	14	-25	-15768	-2176	-2752	-25	9	-8	-15784	-408	-3528	27	0	34	-6824	8344	12888	15	-5	-19	-16248	1320	-2864	67	-8	19	-15912	2872	-2768	47	-18	17	118	131	8
-7540	-8192	11604	-10	13	-26	-15768	-2168	-2584	-32	6	-5	-15856	-504	-3400	18	-5	35	-6840	8240	12944	17	-14	-11	-16368	1464	-2736	46	-4	22	-15856	2920	-2760	70	-12	5	118	131	8
-7484	-8172	11788	-12	12	-25	-15584	-2464	-2752	-1	13	-10	-15872	-592	-3288	14	-9	27	-6904	8424	12984	17	2	-18	-16384	1696	-2920	-1	2	16	-15848	3208	-2808	56	-3	-3	118	131	8
-7404	-8196	11676	-9	16	-26	-15952	-2368	-3136	37	24	-12	-15816	-712	-3288	15	-9	26	-6880	8360	12832	18	-9	-17	-16496	1496	-2904	-34	0	10	-15928	3232	-2752	27	-6	-3	118	131	8
-7516	-8240	11704	-8	9	-20	-15752	-2384	-2720	44	21	-13	-15952	-696	-3432	19	1	24	-6792	8456	12832	16	-3	-15	-16272	1472	-3080	-32	-4	12	-15888	3024	-2888	-7	-2	2	119	131	8
-7412	-8248	11648	-6	14	-23	-15944	-2048	-2904	29	13	-8	-15816	-528	-3432	20	9	20	-6888	8520	12936	20	-3	-21	-16448	1568	-2944	-6	-6	8	-15856	2808	-2696	-6	6	13	119	131	8
-7472	-8240	11708	-10	13	-23	-15832	-2160	-3032	-9	5	-20	-15832	-432	-3608	25	12	25	-6920	8224	12696	14	-5	-19	-16064	1152	-2736	52	-7	7	-15816	2608	-2840	36	2	8	119	131	8
-7464	-8272	11696	-12	16	-19	-15920	-2144	-2552	-14	6	-13	-16064	-528	-3712	22	-32	33	-6776	8240	12952	14	-5	-22	-16224	1104	-2936	103	-5	26	-15992	2856	-2936	66	-24	-6	118	131	8
-7496	-8236	11592	-14	17	-22	-15656	-2240	-2920	-5	8	-13	-17056	-960	-4008	-86	-305	46	-6832	8336	12992	16	-4	-17	-16344	1872	-2896	58	4	37	-16096	3320	-2752	63	-65	-19	118	131	8
-7484	-8248	11800	-16	20	-23	-15728	-2112	-2488	24	9	-20	-16680	-336	-3280	-169	-384	28	-6864	8424	12784	29	-6	-17	-16416	1864	-2664	46	6	32	-15752	3704	-2752	20	-41	5	118	131	8
-7472	-8188	11656	-14	14	-27	-15880	-2136	-3136	3	15	-24	-14904	-16	-2512	-44	-243	-26	-6896	8408	12712	21	-3	-24	-16480	1720	-3328	-58	2	-5	-15760	3496	-2672	-28	-31	31	118	132	8
-7496	-8240	11632	-11	14	-29	-15464	-2440	-2688	-6	16	-17	-14904	-456	-2640	-12	-177	-32	-6888	8232	12968	15	-6	-25	-16112	744	-3224	6	-5	6	-15640	2336	-2992	-47	19	2	119	127	8
-7528	-8272	11560	-6	10	-29	-15624	-2520	-2768	8	23	-17	-18440	-1680	-2584	-133	-485	-47	-6952	8208	12992	12	-10	-21	-15928	888	-2408	233	28	47	-15536	1704	-2848	8	-5	-70	119	130	8
-7472	-8308	11852	-27	18	-20	-16136	-1920	-2640	51	38	-24	-19744	-712	-3576	-151	-558	-83	-6944	8496	12880	47	-43	-32	-16424	1704	-1176	588	55	219	-15784	2480	-2464	106	-55	-74	119	132	8
-7532	-8036	11820	-67	54	-26	-16552	-2104	-1576	-74	15	-54	-15928	-400	-1504	-3	-554	-63	-7032	8384	12880	86	-29	-22	-15808	2824	-3488	273	106	127	-15872	4112	-2104	127	-138	-27	119	132	8
-7628	-7884	11572	-84	41	-48	-14240	-2904	-2832	-39	82	-39	-14232	-1216	568	40	-706	-158	-6808	8416	12840	71	-11	-14	-16832	1880	-3176	21	120	5	-16016	4312	-2752	26	-84	30	119	131	8
-7092	-8516	11228	-29	14	-53	-14744	-2520	-1744	-39	145	-28	-12496	-1352	-1904	-41	-447	-199	-6736	8480	12960	48	-7	-20	-16760	1760	-3704	-41	66	-2	-16048	3736	-3448	-2	-3	-12	119	135	8
-7516	-8400	11548	5	-1	-18	-16008	-3392	-3496	295	153	-44	-16200	-1512	-2992	-221	-270	-152	-6840	8360	12768	32	-1	-19	-16360	616	-4216	82	25	-11	-15744	2384	-3408	-5	57	-55	118	131	8
-7556	-8268	11736	17	-10	-3	-16936	-1432	-3904	193	134	-33	-16712	848	-4744	-127	-85	-37	-7008	8168	12808	52	7	-22	-16304	1112	-2328	338	17	-1	-15672	1608	-3200	37	40	-131	118	135	8
-7776	-8108	12028	-39	-1	-15	-16264	-1784	-1384	-185	6	-51	-15296	1432	-4520	51	-3	12	-7032	8352	12840	125	-4	-9	-15832	2040	-1832	567	93	61	-15640	2584	-2240	148	-77	-135	119	129	8
-7868	-8024	11636	-52	-55	-40	-15968	-1744	-2256	-196	2	-70	-15664	-8	-2160	66	-78	-65	-6712	8384	12968	183	-4	9	-15608	2376	-2896	349	185	46	-15960	3752	-1224	163	-171	-41	119	127	8
-7404	-8104	11748	-60	-35	-79	-14976	-2704	-3376	52	101	-82	-17960	-432	-1032	51	-164	-264	-6808	8616	13032	155	-1	-3	-16408	1944	-3112	110	174	-22	-16128	3512	-1248	132	-182	19	119	130	8
-7452	-8052	11804	-74	-15	-84	-16384	-2400	-2704	256	162	-57	-15160	-840	-896	204	-34	-253	-6824	8432	12952	132	3	-7	-16536	1176	-3176	173	177	-53	-16104	3176	-1368	237	-127	-19	118	128	8
-7768	-8140	11820	-139	-26	-118	-15512	-1872	-3040	118	234	-34	-15928	-608	144	227	-110	-271	-7104	8560	12864	151	5	19	-15824	1120	-3248	406	209	-61	-16120	3816	-480	355	-107	-29	117	135	8
-7532	-8080	11876	-167	-36	-141	-14696	-1592	-2880	-5	273	-39	-15752	-1056	-392	123	-132	-275	-7224	8464	13016	185	2	60	-15304	1544	-2320	591	337	-82	-16560	4368	1544	312	-261	-16	118	132	8
-7316	-8404	11556	-145	-51	-147	-15392	-2272	-3280	-40	316	-79	-15672	-720	-920	-3	-132	-288	-6312	8296	12400	152	-4	76	-15888	3208	240	614	516	-154	-16888	5480	3344	200	-489	45	118	132	8
-7116	-8336	11612	-116	-50	-129	-15848	-2432	-3368	13	334	-96	-15432	-928	-1504	-73	-123	-255	-6720	8984	12224	45	-14	-31	-16944	5176	-160	125	622	-245	-17272	7072	4672	229	-604	118	121	130	8
-6980	-8576	11488	-80	-43	-104	-15768	-2456	-3464	36	325	-84	-15496	-1128	-1888	-102	-130	-221	-6632	9248	12128	-69	-21	-95	-16128	4264	-336	-124	798	-447	-16696	7952	4848	225	-704	200	128	125	4
-7080	-8592	11404	-36	-38	-83	-15576	-2416	-3848	36	303	-91	-15544	-864	-2232	-111	-77	-177	-6520	9152	12448	-149	-45	-144	-15584	2352	-376	-127	996	-549	-16200	7376	6560	224	-916	287	100	128	4
-7120	-8448	11316	40	-50	-59	-15264	-1528	-4184	29	263	-128	-15240	-712	-2568	-73	33	-188	-6752	8856	12888	-159	-47	-182	-16320	616	96	96	1237	-577	-16208	7048	9608	132	-1473	326	138	127	4
-7160	-8188	11436	108	-56	-66	-15040	-1552	-3824	-64	219	-182	-15200	-264	-2176	-20	101	-152	-6152	8048	13336	-30	8	-210	-16712	376	544	212	1584	-610	-16696	8152	13648	-11	-2333	516	124	131	4
-6948	-8232	11412	205	-49	-59	-15128	-2216	-3888	80	188	-212	-15128	-328	-2536	40	132	-91	-5512	10384	14976	201	144	-427	-20160	2416	-568	17	1880	-668	-16016	9224	12936	38	-2601	624	122	126	4
-6908	-8036	11460	312	-34	-32	-14880	-2632	-4392	473	165	-252	-15376	-160	-1808	77	104	-48	-5112	10640	17832	153	754	-1047	-25920	2328	-4840	-393	1957	-633	-14008	6232	4168	1304	-1441	232	117	128	4
-7152	-8708	11652	340	-18	-16	-15304	-2896	-4056	595	158	-258	-15368	-192	-1368	71	88	-50	-4696	13496	19536	-192	1838	-1440	-31600	-4112	-2320	164	1984	-705	-25912	4656	5520	484	-1926	153	112	129	4
-7056	-8452	11964	265	-17	-9	-16168	-2824	-3872	368	194	-230	-16968	-2336	-1696	-262	-12	-154	-7560	12056	20480	-299	2810	-1804	-26024	-1648	-1536	554	2051	-713	-30880	3216	9288	-906	-2316	599	113	126	4
-7024	-8264	11772	204	-12	8	-15856	-2800	-4272	85	198	-206	-16456	-2912	-2032	-284	-29	-175	-6560	12792	19304	-20	3270	-2231	-23840	-1456	-4016	1048	2505	-780	-26424	3776	4704	-762	-2257	942	122	125	4
-7312	-8136	12148	110	19	-1	-15624	-2136	-4712	-270	199	-206	-16232	-2384	-2160	-200	53	-81	-13264	14448	14312	-134	3008	-2481	-18272	-288	-10936	804	2434	-804	-18056	-1896	-784	-713	-1907	511	127	129	4
-7076	-7728	12304	-10	68	-17	-15800	-2848	-4536	-443	187	-190	-16264	-1656	-1568	-91	33	17	-8928	13712	12480	-655	2391	-2216	-12168	8	-11536	194	1877	-622	-15168	-3936	-5680	-435	-1586	-9	127	125	4
-7184	-7828	12248	-137	121	-22	-15584	-4248	-3768	-385	219	-163	-16160	-1944	-1080	-94	-26	51	2568	22040	7872	-1153	2065	-637	-10584	-3544	-6504	-204	1028	-466	-16144	-2560	-6200	354	-1206	89	129	128	4
-7280	-8340	12000	-178	135	-15	-15096	-5248	-4352	-148	264	-120	-15560	-2968	-1488	-367	37	20	8720	10072	6648	-305	1821	808	-9752	2064	1296	361	222	-230	-17560	1432	-4816	776	-1290	508	117	124	4
-7400	-8744	11752	-180	136	-12	-15328	-4744	-3568	-259	271	-38	-15448	-5176	-1176	-656	97	-140	4448	8208	10936	-243	1131	701	-6232	3552	-2128	-1137	-606	89	-15096	2440	-4304	475	-1215	856	122	126	4
-7296	-8688	11516	-130	107	3	-15088	-2968	-3272	-396	315	8	-15224	-5152	72	-633	222	-129	5328	4688	11472	-224	-12	283	-5696	1104	-1904	-1550	-1221	257	-11408	3184	-4056	78	-1058	631	122	127	4
-7296	-8408	11588	-96	92	-3	-14696	-2968	-2248	-659	385	24	-15096	-4136	1768	-470	254	-83	3984	5976	10112	38	-967	101	-6504	-1200	-2920	-1376	-1838	298	-9232	2992	-4504	79	-716	232	122	126	4
-7324	-8200	11736	-84	88	-6	-14552	-4072	-1712	-535	542	54	-15112	-4552	3456	-391	222	-43	2592	6880	8344	105	-1468	248	-6776	-3544	-3760	-735	-2488	459	-8320	2992	-4128	-9	-479	9	115	126	4
-7308	-8568	11576	-78	97	-8	-14184	-5152	-520	-145	772	96	-15040	-5208	4136	-325	115	-21	1272	6088	6576	249	-1533	578	-7064	-4320	-3928	358	-2954	517	-8152	2344	-3560	-308	-280	-37	123	131	4
-7284	-8504	11464	-34	70	1	-13800	-3584	-1312	224	1031	110	-14624	-5008	3328	-249	-10	-28	-32	5272	5184	329	-1108	821	-8248	-2576	-3928	1008	-3309	543	-8056	992	-3984	-670	-43	-59	122	129	4
-7420	-8460	11576	8	50	7	-13704	-2768	-1848	133	1220	122	-14120	-4176	3096	-107	-229	-96	-2736	4088	4632	309	-305	747	-9912	-1520	-4544	806	-3596	619	-8200	-968	-3600	-1164	106	-56	120	131	4
-7388	-8344	11656	33	53	24	-14000	-3048	-2912	51	1370	82	-13736	-3656	4944	-82	-412	-61	-8120	4328	5512	540	475	769	-9816	-392	-6864	67	-3764	707	-8264	-2440	-1800	-1373	130	-57	116	123	4
-7008	-8868	11384	53	80	53	-15080	-3688	-1296	-115	1570	83	-13872	-4184	5104	-12	-433	-83	-14528	5904	6632	743	893	1096	-9560	-664	-8704	-614	-3674	599	-7512	-2320	-264	-1077	284	-52	118	129	4
-7160	-8372	11652	79	65	136	-13536	-2136	-3248	51	1733	64	-12800	-2592	1224	55	-100	-79	-21568	4432	7352	906	1050	1640	-11264	208	-11784	-1116	-3440	493	-7664	184	2352	-532	483	28	115	127	4
-7620	-7404	11820	99	62	152	-11040	-3104	-7528	-1	1898	111	-11144	-2488	-1128	121	-333	-191	-28344	3144	5672	631	821	1865	-14224	1872	-11408	-1190	-2996	250	-10856	3008	5696	-247	756	176	92	122	4
-7460	-8160	11748	87	131	146	-11880	-3992	-6792	208	1967	97	-11160	-3688	2664	-286	-551	-375	-28848	-2280	2304	117	257	1437	-15160	696	-12304	-1483	-2495	115	-14496	3344	5592	121	1344	33	120	142	4
-6844	-9192	11908	24	225	306	-14848	-2464	-5392	211	2059	20	-13352	-3880	-168	3	-392	-417	-28096	-6848	768	310	-200	628	-14664	-2000	-10968	-1308	-1832	6	-14928	3264	8016	257	1396	-671	126	133	4
-7604	-8848	11168	41	198	465	-11280	-1832	-8368	15	2173	96	-14040	520	-5488	742	-456	-467	-26896	-3808	-792	681	-358	-162	-14416	-4856	-10056	-205	-1147	205	-18520	5704	14360	-190	875	-921	117	111	4
-8368	-6972	11488	282	78	540	-8152	-824	-14160	-245	2111	-42	-12320	3728	-4416	454	-339	-334	-24536	-1696	-72	897	-288	-381	-15120	-2968	-9352	1281	-455	483	-18216	5168	14120	-666	790	-708	126	128	4
-7832	-6428	12296	222	74	396	-11584	72	-12056	-607	1906	-139	-12960	1704	-1872	-365	45	-99	-23168	296	2792	917	-156	-468	-17056	768	-5584	2036	225	435	-14136	2744	12664	-505	928	-652	135	136	4
-7656	-8748	12176	118	169	454	-12152	-528	-11520	-634	1874	-135	-16392	-3000	-56	-652	45	4	-23952	2320	5712	606	-374	-737	-16840	4104	-3984	1770	790	279	-13904	1352	10568	500	1000	-585	138	127	4
-7868	-9080	12380	25	270	652	-12872	-3032	-11040	-599	1997	-148	-16312	-4992	792	-397	-46	-57	-32768	32767	11608	87	-681	-1019	-16528	3352	-10296	843	1327	91	-16424	1384	9384	1494	833	-298	145	142	4
-7968	-8688	12984	-86	548	822	-14688	-1936	-13024	-888	2165	-95	-14448	-4424	2112	-257	-35	52	6328	-27752	12640	-1779	-2480	1958	-21712	10152	9768	1153	2134	20	-20440	10224	7520	2272	603	122	134	130	4
-7996	-9536	15836	-13	1096	1099	-19472	-2064	-15312	-1274	2269	-116	-17448	-8408	6640	-413	-152	258	-3776	17208	15888	-1201	-2231	1581	-32512	9688	12904	-710	1938	-408	-27792	11584	11952	2390	1360	686	101	134	4
-7156	-12428	20396	149	2249	1602	-29656	-3408	-15296	-1544	2552	57	-24808	-15832	14216	92	-675	367	-9600	13560	16944	-1109	-2200	1420	-22432	-976	3280	-2060	1342	162	-23144	512	6856	965	927	498	143	128	4
-6920	-14616	24452	320	4053	2422	-32768	-352	-14208	-1679	3073	327	-29848	-17136	16568	1719	-1583	109	-6768	10632	15816	-539	-1319	528	-23736	-7464	-3160	-207	2072	133	-21056	-1120	1600	434	486	651	121	131	4
-8836	-20232	24792	763	5478	3635	-32768	-2520	-12176	-1733	3268	658	-30288	-14368	17160	1897	-1743	29	-8744	6784	14456	-227	-911	584	-17856	-3176	-9792	457	1608	437	-17080	-1792	-4320	778	720	498	109	129	4
-11620	-25308	21560	1101	5502	5386	-32768	-4472	-952	-2846	2772	458	-32768	1472	10072	1119	-2726	-98	-9440	10024	11456	-51	-854	852	-13704	3480	-10432	-92	1456	186	-13336	-960	-8440	1330	361	134	121	133	4
-13768	-15488	16592	1376	4841	4966	-12568	-872	-12488	-2838	2783	198	-27664	5512	-6712	21	-2807	-291	-7736	15912	8288	-992	-550	61	-15616	13160	-3136	-797	1052	316	-16408	10160	-4896	1371	350	105	121	129	4
-11140	-6508	8728	1385	3525	3532	-1512	-240	-14104	-501	2097	429	-15704	1192	-13024	-979	-2686	-272	-5936	10272	15864	-735	-545	-87	-24976	-2144	-1048	-804	894	547	-23624	22152	2592	499	133	473	118	136	4
21372	-11964	20052	336	980	1479	3864	-4232	88	1021	433	701	-17552	-7128	-6712	-1126	-2494	-577	-6576	7256	14808	-168	-149	-77	-25240	-6600	-6376	87	844	68	-19920	6080	6272	-1943	13	415	118	138	4
24044	-13884	6060	615	-932	657	5096	-3296	7288	2301	-1242	295	-26032	-10104	-4800	-157	-1877	-994	-6920	8856	13384	230	118	-15	-17864	888	-5920	642	1157	135	-18648	200	464	-2029	-121	-62	112	141	4
17428	-10684	3924	451	-1553	102	840	3400	-896	1931	-2306	-87	-19912	-3384	-7944	635	-1758	-979	-7512	10104	11848	297	15	-71	-13760	7656	-4944	656	1297	357	-12800	1088	-3144	-689	-19	-140	166	145	4
13196	-11652	2900	57	-2039	-853	-4552	2736	-696	145	-3204	249	-14784	2168	-7800	639	-1469	-670	-7664	8792	11592	230	-45	-31	-10152	3312	-9712	-371	974	-12	-11880	5136	-1360	554	389	228	140	141	4
7164	-11512	3716	-455	-2167	-1949	-6200	456	-3824	-320	-3889	145	-11192	2520	-7560	161	-1261	-323	-6608	9776	11968	149	-8	-24	-16408	544	-5464	-15	812	-128	-16520	9872	-304	737	562	387	112	142	4
924	-12832	5272	-760	-2155	-3034	-3880	64	-5536	-466	-4466	-67	-8408	-1152	-6408	87	-950	-249	-6856	9816	12296	161	-14	-24	-18472	856	-6560	347	770	43	-16008	7904	3688	-239	396	14	136	139	4
-3032	-11680	5956	-676	-1960	-3599	-3808	-2000	-6952	-290	-4915	-98	-6584	-1384	-5976	346	-512	-116	-7120	8512	12552	387	81	-43	-15296	-1096	-2736	532	947	-23	-15512	2328	8632	-924	127	-148	151	134	4
-4808	-8628	5444	-590	-1514	-3651	-5704	-4368	-8584	1101	-5327	-207	-5712	1344	-6728	836	-73	66	-6696	9568	11760	395	101	-35	-15024	-848	-2824	518	1009	-39	-13128	168	7632	-767	-10	-150	125	132	4
-5928	-3680	5148	-623	-701	-2897	-7936	-2512	-9128	2727	-5745	-257	-6368	3224	-6120	940	41	96	-6840	9656	11952	388	97	-41	-12288	2416	-4824	-18	1494	88	-10192	-64	6848	22	-232	-28	111	133	4
-13180	-3460	7272	-1000	23	-2006	-9648	1176	-14904	3464	-5909	-126	-6360	6168	-5824	989	318	277	-7064	9984	11272	229	78	-135	-14248	1728	-4688	-45	1567	81	-10328	2160	6560	1285	-299	-12	116	133	4
-26312	-7008	8764	-1237	10	-1603	-10256	3136	-19960	2250	-5809	224	-5656	8000	-4680	832	664	503	-6624	9840	11536	200	136	-189	-15152	2024	-5536	-9	1662	81	-11440	6328	5128	2074	-160	-6	117	133	4
-32768	-5568	7176	-1129	-319	-1851	-9960	568	-20176	149	-5421	135	-5216	3952	-112	215	788	459	-6216	9696	12384	277	270	-292	-16352	3248	-4808	74	1824	-9	-13624	10376	1832	1563	-106	154	108	131	4
-32768	-2260	3444	-709	-841	-2186	-11296	-1640	-19848	-836	-4758	-147	-6104	-1864	3688	-323	444	59	-7216	10848	10664	88	334	-401	-11024	3536	-9192	-88	1899	-55	-12184	6792	-976	232	-195	292	142	124	4
-32768	3316	860	-486	-1062	-2054	-15408	-2304	-18184	-1039	-4005	-492	-9584	-1688	6048	-435	898	-116	-8376	9336	10760	-104	251	-396	-8944	320	-8744	-90	1902	49	-11312	2024	648	-606	-217	120	111	130	4
-32768	7028	-236	-840	-857	-1234	-16480	-2504	-17408	-1074	-3877	-554	-17032	-1920	5096	-1021	1058	153	-7848	8576	12304	-70	266	-319	-12304	-184	-9536	295	1897	55	-11312	5392	1728	-320	-229	78	116	135	4
-31396	6572	-1024	-1589	-683	-222	-17768	-4432	-10888	-1109	-2632	-673	-23032	-1560	5216	-1394	1296	758	-7496	9592	12104	18	409	-319	-13336	2496	-10224	314	1975	-63	-12024	6624	824	-127	-187	361	129	142	4
-32040	2820	-1344	-2165	-671	204	-15088	-2280	-9912	-907	-1879	-827	-21856	-3896	10216	-1051	1266	1017	-8576	10088	10456	-78	325	-382	-9048	3912	-11800	-29	2005	-92	-13208	4904	-1488	-167	82	270	101	127	4
-27536	1224	-336	-2325	-496	-197	-17464	-400	-9664	-1163	-1036	-881	-15584	-10280	12048	-549	1594	1107	-8616	10064	10592	-166	156	-482	-9480	1240	-12336	-221	1958	-24	-14656	2904	136	-254	209	-112	118	120	4
-24216	320	-148	-1497	100	-230	-19688	-1768	-3944	-1696	-396	-676	-15184	-13664	8960	99	1562	799	-8088	9424	13232	-153	239	-560	-13776	184	-14400	16	2071	44	-14224	6072	3920	13	465	-387	104	121	4
-24072	2356	1732	-128	659	151	-17424	-5192	-4848	-806	342	-406	-19768	-8552	7560	769	939	308	-7112	10008	14432	-10	624	-713	-14448	408	-14104	75	2075	26	-15648	7520	6016	55	437	-319	122	123	4
-32768	-32768	12988	977	892	-819	-13712	-6704	-19944	1112	1317	-19	-20832	-4152	9696	889	732	-35	-7536	10592	15592	144	1218	-1023	-18560	-256	-14672	404	2330	-110	-16232	6064	9944	-180	277	-306	41	120	4
-32768	7044	25460	6150	-3404	-1887	-17944	-13928	-3296	1498	2333	-311	-20352	-10736	8344	-19	1105	-347	-7152	11408	20128	392	2268	-1433	-27832	-2808	-18128	582	2673	-134	-21584	9672	16896	8	-21	-469	102	142	4
-5536	-32768	14412	1471	-2941	-1646	-31928	-3976	15288	5115	2957	623	-26952	1464	1920	-282	1759	-316	-5448	14192	24784	908	4241	-2017	-32768	-5512	-17304	968	2900	-338	-27752	15744	23408	-272	-742	-447	127	116	4
-7776	-12420	15324	765	-2342	-658	-27936	11440	7456	3965	1788	-565	-25912	11256	7888	1093	556	24	-3312	21600	25104	1286	6124	-3405	-32768	-1680	-13336	1066	3127	-472	-32768	6504	20904	-350	-1407	105	126	126	4
-5752	-6544	16876	562	-1597	-596	-15832	9776	-8080	-879	1826	-248	-19192	4920	1528	-690	673	-636	-12976	18464	19840	1122	6517	-4519	-26872	2096	-10632	1378	3129	-246	-32768	4336	19216	-263	-1497	153	124	124	4
-13312	-12508	20856	871	-385	-621	-17608	6432	-6184	-1458	1785	-186	-25792	-4392	2520	-1822	292	-1083	-3136	19112	11176	439	5927	-4509	-15176	4400	-7968	927	2392	-319	-26984	5976	-6152	948	-2507	120	115	119	4
-7372	-7896	14392	23	-33	-192	-22864	-7896	-2968	215	1271	-423	-19984	-6112	1920	-1336	148	-379	-9336	8656	8464	-178	4528	-3814	-6240	4096	-10712	606	1475	-183	-23600	11672	-10664	887	-2464	286	131	115	4
-7900	-9480	11428	-214	163	-206	-13224	-6712	-2328	57	1782	-118	-13744	-10696	-4112	-1182	-86	92	32104	9072	32767	614	679	-1198	3512	3528	6152	263	-35	-662	-21272	13432	-6336	-125	-2274	640	126	127	4
-7924	-10176	10604	-102	96	-124	-10960	-8688	-6064	535	1691	216	-9680	-10848	-7296	79	-26	-334	21408	13848	17824	-1609	-2258	-147	6440	3160	10576	-544	-1953	-187	-22944	7120	-3752	-1264	-2101	966	120	121	4
-8056	-8340	11300	109	-55	-95	-12440	-2200	-10048	625	1418	23	-13288	-8416	-5432	777	79	-331	19816	3424	10544	-1085	-3086	465	-2448	-4624	2888	-802	-3102	-191	-18096	1944	-7336	-1633	-1984	912	118	125	4
-7684	-8460	11520	166	-93	-99	-19200	-768	-7848	-280	1044	81	-17936	-2840	-1752	1279	204	102	13768	10416	5608	-1347	-3584	1252	-10136	-1552	280	759	-3774	-818	-12056	-1656	-8544	-1453	-1608	343	117	115	4
-6844	-9052	11092	185	-104	-33	-17440	-2720	-3592	-835	905	63	-18128	-1056	648	1357	204	309	8336	4712	3392	-1312	-3279	1806	-7592	96	-2568	979	-5181	-105	-9112	-1320	-8352	-1206	-1334	115	124	125	4
-7452	-8800	11324	170	-134	49	-14136	-5968	-4136	-235	1028	53	-15280	-2144	2072	1181	358	253	3872	5672	4008	-1006	-2528	1927	-4512	-640	-6856	125	-5836	161	-5560	-1024	-8000	-695	-408	60	122	120	4
-7572	-8672	11212	208	-147	62	-13192	-5800	-3520	664	1216	159	-13240	-3456	2680	843	422	75	-3224	8800	5152	-664	-1894	1603	-4152	936	-8304	216	-6092	5	-5728	-2352	-6664	-457	45	115	120	123	4
-7428	-8372	11640	234	-158	65	-13720	-4248	-3272	1152	1341	156	-12248	-4944	3664	453	388	-63	-11944	13000	6680	-600	-1309	1497	-4992	3560	-10624	-467	-6106	49	-5536	-4064	-6088	-413	237	214	113	131	4
-7548	-8428	11580	221	-152	73	-14072	-2632	-3216	796	1465	130	-13048	-4952	3304	161	191	-242	-20936	10064	6232	-102	-1029	1653	-6576	4632	-16016	-1560	-6238	165	-5128	-3632	-5608	-513	222	224	99	129	4
-7484	-8168	11500	303	-234	104	-12760	-1520	-5040	192	1581	131	-12784	-1760	1920	310	321	-294	-28840	13256	3088	259	-1234	1569	-8936	3560	-16984	-2126	-6158	202	-4528	-6248	-3904	-506	583	-95	111	135	4
-6756	-7796	11848	351	-218	162	-13168	-1768	-5296	119	1580	47	-14064	-760	3968	27	78	-399	-32392	9088	144	215	-1351	1398	-11528	1176	-19816	-2258	-5565	359	-6008	-4032	1152	-594	844	-433	125	132	4
-6852	-7924	12352	280	-113	239	-14824	-1656	-7456	98	1557	-70	-14832	-576	1528	-221	464	-291	-32768	2480	192	1151	-1056	1600	-16184	-2464	-22160	-1405	-4868	343	-11984	1992	2248	-289	948	-648	122	123	4
-7404	-6984	12236	211	10	265	-13512	-1384	-8504	51	1585	-90	-13984	-1248	2200	-286	491	-138	-32768	1768	984	2285	-707	1865	-24696	-5000	-22968	842	-3965	390	-15456	7024	4808	-497	847	-797	130	127	4
-7020	-8312	12056	146	107	283	-12912	-1768	-5944	-268	1706	-95	-14784	-1736	3096	-158	319	-75	-32768	1744	1936	2403	-835	1851	-19440	1160	-20904	2724	-2599	459	-19824	5912	8936	-595	1082	-613	101	140	4
-7420	-8552	12064	209	167	517	-13056	-2000	-6232	-246	1723	-117	-14800	1080	2536	174	234	-21	-32768	-1440	800	1577	-1431	1140	-19672	8248	-14552	2773	-1822	682	-21464	5656	10984	417	1391	-425	133	119	4
-7416	-7544	12948	107	314	596	-13800	-1104	-9568	-583	1771	-429	-13296	-1536	2440	-327	280	146	-32768	-5136	-2616	878	-2112	-139	-20688	3704	-11912	2071	-1601	903	-22056	6552	12976	1935	1485	-627	121	129	4
-7748	-9112	12836	-30	488	759	-14632	-4696	-9680	-761	1818	-463	-13904	-4504	3808	-748	210	241	-26456	-6944	-6208	1136	-1534	-1497	-17768	480	-8040	1628	-764	696	-18464	7776	15696	1783	1181	269	133	130	4
-7324	-8920	15272	-198	833	1005	-17360	-3136	-8984	-857	2016	-472	-15848	-7984	7136	-570	-14	139	-24576	1320	-4864	1273	-63	-1733	-15560	936	-7904	773	701	389	-15296	7184	13408	1841	1045	235	132	108	4
-6320	-8880	16924	-72	1614	1220	-21936	-928	-8760	-1261	2342	-253	-17208	-8640	8616	144	-326	-59	-22624	7656	-1904	188	1080	-836	-16608	1504	-6904	396	1114	118	-13656	5528	12128	1979	1115	220	108	130	4
-7656	-11088	15196	1	2255	1607	-19280	-3496	-9992	-1202	2561	-210	-18128	-1496	10264	678	-680	-19	-32768	28840	32767	-4427	-1585	1110	-15376	13184	-10000	-433	1494	190	-16536	5424	4384	2832	1715	-432	119	140	4
-8284	-12892	16060	-28	2900	2343	-24968	-2416	-10176	-1331	2701	-612	-19992	56	14856	526	-1281	318	-24656	32767	14632	226	-1904	2464	-26048	-10104	-5952	-1490	1996	-857	-23560	3640	536	1393	1758	-133	131	130	4
-7460	-15668	21428	152	4006	3341	-32768	-1928	-9744	-1846	2849	-707	-25480	-8760	21096	-185	-2081	438	-6064	16536	14264	-787	-1835	1383	-24320	208	6480	754	1175	434	-23232	-1288	5632	-123	961	-448	126	127	4
-4300	-19116	23356	551	5246	4511	-32768	-3608	-7288	-1982	2793	-348	-32768	-11176	15128	-615	-2672	90	-6888	10488	16008	-987	-1768	1029	-16656	5384	5272	26	1708	507	-18576	11856	6704	-151	907	29	139	126	4
-3824	-18272	19372	891	5841	5438	-25072	-1872	-2304	-2047	2395	-226	-32768	-4544	1384	-701	-2960	-437	-9128	13232	12008	-890	-1670	806	-19464	8512	-3848	-1450	1720	45	-13056	13120	1560	-735	893	302	109	126	4
1768	-10264	10288	1393	5405	5511	-11840	1496	-1464	-3902	1347	-81	-23096	-6392	-13112	-676	-2804	-655	-8088	12296	11632	-911	-1768	605	-17864	4104	-1720	-2398	1714	-155	-14608	6384	3096	-1622	233	299	112	132	4
32767	-12144	19936	-44	4419	2719	-7928	3344	9688	-2469	-325	632	-15528	-4656	-15416	-344	-2530	-585	1392	7752	15112	-1597	-1228	-93	-23720	4288	1944	-1531	1551	-12	-20992	15296	11576	-1316	-113	756	135	135	4
892	-32768	32767	1114	-500	-1170	8688	-14720	-5552	-941	-1673	1004	-14944	-5784	-4936	-551	-2386	-630	-4824	10064	16312	-671	-489	-98	-29528	-7736	-912	-606	1682	73	-23128	10720	7272	-1944	-197	1027	112	138	4
18572	-2744	14624	559	-3147	-1773	17256	-4032	6056	1282	-3328	153	-17896	-10144	-8768	87	-1847	-821	-6688	7264	13896	-80	-75	-86	-17304	-3312	-9328	-41	2055	-94	-18344	-4616	824	-2162	-124	321	0	137	4
6028	-12504	7752	-132	-4243	-1308	-2536	-4872	-3856	2578	-3934	-186	-15088	-1064	-11208	1216	-1281	-698	-7328	8904	12528	120	52	-85	-14096	4768	-7824	-9	2060	-44	-15168	-4576	-4384	-755	-394	-5	133	135	4
-1624	-10668	496	21	-5015	-1762	-11912	-280	-4464	3005	-4789	-205	-10552	7520	-9936	1277	-701	189	-8032	8416	12128	163	35	-17	-9928	3968	-12496	-721	1486	186	-11192	3168	-3488	816	-74	-144	117	132	4
-3320	-7340	-4200	-561	-4134	-2095	-7080	2232	-9936	2435	-5269	141	-9528	7128	-9904	347	-265	515	-6888	9144	11736	39	-18	51	-11432	-384	-4728	-246	1323	-133	-13312	8504	944	1067	201	340	131	132	4
-9444	-7352	-2200	-929	-2632	-2212	-4632	48	-14704	1260	-5492	300	-7320	5200	-9424	-141	-85	431	-6272	10968	12320	63	-17	-94	-21320	3288	-3968	200	1489	-103	-16464	8688	3560	531	39	692	124	131	4
-16668	-2696	-392	-1291	-1694	-2155	-4720	-1160	-18512	412	-5668	201	-1544	3440	-8472	4	87	438	-6888	8728	11920	-47	-27	-247	-13848	1248	-6472	87	1383	153	-13088	1880	1016	-424	121	346	111	131	4
-24056	312	756	-2117	-303	-2070	-5872	-376	-20040	143	-5703	-122	-2080	2320	-6016	537	271	462	-7232	7000	12696	-120	0	-163	-11224	-176	-9336	-265	1748	-26	-13848	-872	4768	-233	14	217	156	130	4
-32768	-3136	3784	-2259	632	-2232	-10672	-1992	-21736	-479	-5524	-246	-5720	1272	-520	632	690	626	-6536	9840	13056	-2	144	-164	-12064	-272	-9544	-213	1737	-31	-13688	3832	6392	752	339	100	103	127	4
-32768	-2876	4388	-1516	843	-2592	-20256	-4760	-22560	-1439	-4899	-841	-14176	-4504	4776	-315	686	564	-6384	10328	12504	32	264	-371	-15768	2232	-6584	-150	1651	111	-12800	7704	4248	983	324	234	122	125	4
-32768	3560	2940	-770	622	-2636	-19288	-6680	-20208	-849	-4075	-577	-20816	-7872	3440	-751	1399	854	-6736	8792	12880	77	364	-479	-13352	584	-6952	225	1845	107	-11784	6944	1928	375	86	269	109	130	4
-32768	11016	3348	-1143	507	-2009	-16592	-7216	-13808	394	-2742	-331	-21632	-6984	6168	-125	1747	765	-8064	8584	11328	120	376	-490	-10080	2144	-12032	270	1964	130	-13712	3216	-1480	-301	-96	200	119	133	4
-32768	6228	1892	-1245	149	-1088	-19824	-2544	-11584	1125	-1971	-169	-18368	-6456	8544	733	1772	222	-8376	6112	12648	145	337	-356	-9968	-1416	-12432	308	1867	279	-13288	2032	-16	-49	-77	-134	113	127	4
-32312	2172	560	-197	-273	-408	-20328	-560	-9800	474	-1212	-314	-17568	-5848	9896	859	1320	107	-8040	7456	12504	265	391	-205	-11408	-1280	-12280	548	1771	229	-14400	1200	2248	196	83	-171	121	129	4
-28432	3964	-1448	411	-247	-167	-16888	-1472	-7296	-138	-500	-415	-17488	-4824	11608	905	904	203	-7168	9520	13176	324	502	-249	-14240	-136	-9192	804	1753	358	-15680	2480	4272	281	203	-202	83	115	4
-24676	4940	-2084	80	110	-134	-14608	-2168	-7888	81	214	-372	-18736	-3744	10560	1089	692	90	-7312	10664	12792	345	673	-473	-14560	2696	-12192	652	1880	395	-16632	4024	3896	328	125	-365	115	131	4
-21936	2048	-8	-125	625	97	-16832	-2560	-5936	270	810	-313	-17112	352	8184	680	790	23	-7304	9456	13448	444	875	-676	-13952	1504	-13096	393	2020	407	-15584	5704	3968	424	45	-477	112	129	4
-19500	-1020	2608	81	1051	225	-18072	-2256	-6464	765	1184	-252	-15248	3008	7184	-337	1021	58	-7464	9512	15256	575	1307	-834	-18112	-280	-13408	505	2108	329	-16624	7080	7672	570	6	-462	124	116	4
-23984	26736	24200	3676	-4352	-2376	-18512	-8584	-3864	826	1596	-460	-17064	-376	4712	-1547	1321	-2	-7656	11144	16080	694	1953	-1106	-21656	-608	-14968	939	2132	334	-18624	7952	11264	625	-88	-447	120	117	4
-19684	-32768	23884	-313	-2806	-1969	-22816	3792	2504	1869	2223	193	-20392	-136	832	-1706	1860	-496	-6512	11856	18464	979	3053	-1536	-27824	-1632	-12176	1147	2413	99	-20256	10496	15168	405	-538	-365	122	139	4
-2368	-5812	17096	727	-2344	-1093	-31736	2456	6208	1806	1135	-476	-29216	1784	5992	-1066	1385	55	-6656	14896	18840	1272	4347	-2215	-32128	736	-13576	1108	2511	-14	-22168	12360	18424	429	-1173	-444	120	130	4
-7628	-12816	16004	774	-1858	-473	-19344	4216	2344	536	1113	-841	-24960	-3544	8192	-679	984	-190	-6248	14656	18816	1328	4583	-2359	-32768	2208	-10904	972	2386	-151	-22776	13256	18528	465	-1322	-435	126	133	4
-7344	-6068	15808	610	-1457	-395	-24168	-1136	-3960	-180	1365	-322	-17880	-6736	2824	-359	1149	-162	-7600	20944	16728	1459	5811	-4529	-32768	2744	-10344	963	2385	-159	-30088	10400	6160	466	-2067	11	109	127	4
-8084	-4820	16824	491	-1195	-506	-18320	-5792	-1536	498	1190	-317	-16824	-6208	1624	-286	1111	-102	-7864	15504	7760	-67	4731	-5153	-21624	5424	-7416	510	2358	-162	-23880	6496	-10816	353	-2117	288	110	126	4
-7912	-9840	15076	333	-504	-381	-22488	-3072	296	1123	1204	-539	-20528	-4616	3104	-136	697	-68	7288	11280	27064	-1494	2352	-3574	-3080	6840	-7096	739	814	-275	-18720	10936	-12088	505	-2069	272	129	132	4
-7348	-8892	13572	-34	-87	-201	-20504	-4232	-2152	744	1423	-81	-18744	-7224	2296	455	4	-48	20152	20928	25624	-1	-1378	-369	9840	3928	1672	-1054	-1185	-930	-20696	15272	-3288	-306	-1754	669	132	124	4
-8024	-9652	11636	-73	65	-26	-14904	-7680	-3944	374	1476	-109	-15432	-6080	-1576	173	1	-1	21128	11304	10808	-1946	-2338	311	4792	-1128	6880	-531	-2668	-379	-21792	9336	-5808	-1482	-1658	1111	121	116	4
-7868	-9216	11284	15	62	72	-13480	-5560	-5800	-69	1342	-126	-13416	-6640	-5352	-200	168	-66	12216	6400	9032	-1389	-2681	1309	-8664	-3416	-1480	-803	-3318	-698	-14768	1856	-7168	-1999	-1419	1006	116	133	4
-8024	-7660	11256	101	-16	101	-13704	-3352	-9168	-510	1117	17	-12888	-4304	-7368	104	318	78	8808	7936	4352	-1250	-2544	1987	-15456	-5632	-4128	-96	-4505	-1060	-11936	-4176	-8040	-1990	-1204	310	119	128	4
-7896	-7308	11724	169	-101	58	-14840	-3400	-8608	-553	835	-12	-16168	-1112	-4648	578	317	118	-8864	-2896	8904	-993	-1914	2260	-6616	-2200	-8864	-349	-5309	-369	-7088	-3184	-7328	-1424	-558	44	124	126	4
-7476	-6132	11784	94	-128	158	-13296	-11880	2176	-1412	-723	-1164	-18288	-1584	1464	910	290	273	-4544	8528	6808	-370	-1436	1892	-4248	-960	-7648	187	-5718	-252	-7712	-3832	-5232	-914	166	-23	123	126	4
-7316	-7544	12556	-53	95	17	-15552	-4144	-3344	329	713	477	-16608	-3864	3992	944	260	307	-12200	14056	7856	-414	-1170	1792	-6664	2176	-10568	-301	-5652	-145	-7528	-6688	-4728	-709	33	16	112	128	4
-7316	-6448	11964	-143	161	-40	-13480	-3504	-3360	664	1258	-26	-12584	-3984	5880	809	184	212	-23048	12424	7096	-581	-872	2014	-9032	5064	-15688	-1695	-5812	-51	-6960	-3080	-2912	-265	-88	-67	117	128	4
-7664	-8364	11728	-217	188	-99	-13048	-1784	-1512	617	1464	139	-11488	-960	5912	499	89	-42	-30304	9824	2872	-182	-853	2167	-10432	4312	-18896	-2476	-5595	-322	-6448	-864	-2648	-227	472	119	123	131	4
-7896	-9088	11256	-82	116	14	-12888	-5368	-4656	474	1536	-20	-12312	-672	4664	-167	42	-360	-32136	7232	-1608	-140	-1005	1794	-11816	2304	-20448	-2454	-5096	-423	-6352	-952	-480	-468	784	344	121	128	4
-7796	-8560	11564	-6	101	134	-13400	-3304	-3896	43	1619	-97	-13248	-3224	3584	-971	-33	-483	-32768	2424	-2848	125	-1005	1233	-14096	104	-19048	-1460	-4469	-330	-10216	1336	3720	-412	765	163	124	113	4
-7532	-7784	11868	41	87	202	-13744	-1672	-4368	-496	1701	-152	-13360	-3992	-1048	-755	109	-442	-32768	2704	-2512	656	-924	900	-16144	-2320	-19440	15	-3677	-129	-14152	2368	5768	-594	840	15	113	126	4
-8520	-6128	11024	22	31	113	-10200	-2824	-11256	-463	1782	-23	-11920	-2552	-3584	-117	96	-274	-32768	3912	-2192	851	-928	843	-14896	-688	-15744	1684	-2883	185	-15416	2840	6416	-314	1286	-206	130	121	4
-7956	-6032	11648	-9	14	-58	-9968	-1184	-10688	-353	1744	-32	-11952	-3064	168	108	84	-220	-32768	2968	-808	964	-1080	914	-16720	2016	-14672	2249	-2223	696	-16488	2032	7824	528	1185	-1070	133	138	4
-7476	-8304	12716	-75	186	-61	-14648	-3504	-7144	-241	1685	-31	-14832	-5832	3088	341	104	-155	-30712	944	1784	1272	-1519	808	-17816	3256	-11752	2089	-1693	839	-18088	4608	7696	525	1156	-1213	136	134	4
-7684	-9860	11612	5	253	151	-15504	-5632	-6800	-143	1824	-102	-15368	-4280	1432	860	14	-50	-25112	-1888	2440	1656	-1868	141	-18856	560	-6840	1981	-1032	868	-17960	6064	8128	584	1135	-985	129	120	4
-8096	-9636	10844	87	191	377	-11544	-3440	-9376	-173	1970	-158	-14392	-400	-688	930	-38	4	-22328	-3600	1576	2012	-1539	-840	-20040	904	-5096	1915	-667	823	-17320	7384	10912	554	1046	-499	121	134	4
-8140	-7080	11900	19	165	443	-10656	-1608	-12680	-418	1983	-229	-12872	-72	-80	145	224	134	-26896	2912	2056	1356	-999	-1194	-16240	2536	-7672	1334	-107	518	-18064	8968	12808	373	877	143	122	133	4
-7996	-7740	13304	-74	385	431	-13688	-2208	-12224	-710	1895	-200	-13816	-2912	4160	-646	258	72	-20912	472	-832	241	-469	-1031	-14464	-32	-5136	940	659	184	-18800	6616	12280	413	649	479	135	138	4
-7752	-9364	14604	-26	782	650	-18352	-2976	-10312	-1028	1975	-218	-16944	-4952	7680	-687	89	-123	-28864	5400	-960	10	707	-1062	-17776	656	-7736	584	1398	65	-16296	1496	16648	743	239	285	77	125	4
-7444	-11116	15952	-4	1424	1117	-22032	-2344	-10272	-1181	2240	-248	-20336	-6208	10800	-96	-281	-78	20200	-24840	9744	-1132	-2216	2175	-22128	3344	13064	1506	2022	-342	-14216	1848	6848	2579	1287	-178	112	145	4
-6996	-11576	15860	7	2214	1732	-22416	-1440	-11512	-1310	2501	-295	-20888	-2488	9128	145	-588	164	-8192	19432	14984	-743	-1910	1615	-28992	9112	8448	-416	1752	-479	-25096	520	-2960	3615	2204	-541	118	132	4
-8772	-10920	16716	-126	2939	2264	-23288	-952	-14568	-1579	2638	-449	-20328	-4152	12008	-83	-990	454	-4280	18464	13432	-529	-1682	803	-25112	-1104	6496	-1736	706	477	-30304	6128	4552	1762	1162	81	132	136	4
-9332	-16200	21628	-149	4041	2991	-32768	-3928	-13624	-1843	2705	-413	-26816	-14600	16904	-399	-1649	474	-8544	7168	17160	-691	-1496	327	-21112	-3048	-2960	-305	1989	365	-20512	16264	5680	859	804	403	135	133	4
-10520	-22456	25092	314	4978	4124	-32768	-7512	-13960	-1496	2616	-77	-32768	-13976	13592	128	-2318	32	-8096	4472	14384	-294	-1176	727	-18384	-4192	-1712	305	1664	81	-10200	7704	3216	-711	787	107	118	133	4
-5404	-17324	18564	653	5601	5011	-25552	-2296	-7632	-1287	1944	-2	-32768	-2928	4600	558	-2603	-443	-9192	19464	12880	-664	-731	751	-12976	10408	-3328	620	1668	133	-14624	3056	456	-1529	204	-169	125	131	4
-5360	-18636	11284	1423	4874	5257	-9920	-640	2384	-3208	1009	-27	-24112	1720	-10880	78	-2624	-501	-4656	10832	14376	-763	-545	-169	-21056	12440	-240	-1107	1606	242	-21144	11448	5088	-1119	-381	217	114	138	4
32767	-3796	16172	1126	2829	2743	-6176	3176	-304	-1590	199	-12	-15224	-3088	-17280	-613	-2561	-507	-6368	8440	14504	-227	-330	-252	-28424	-6240	-10296	-1568	1285	78	-21040	5760	-504	-1006	-40	377	113	137	4
12980	-30060	24884	-236	-1972	-32	5632	-12880	40	-72	-1625	934	-15304	-4320	-5216	-792	-2364	-861	-7088	8000	13912	178	-5	-113	-19032	-4888	-7896	-144	1548	-335	-21488	-3224	-2112	-968	337	175	123	139	4
20156	-8376	7604	905	-3043	-867	18096	3056	3664	1924	-3327	142	-19704	-7680	-7712	-441	-1596	-914	-7528	9536	12152	362	47	-94	-14416	3160	-9776	783	1219	310	-15592	624	-6120	262	351	-190	114	143	4
9860	-13596	4396	159	-3021	-1749	1528	1552	-3280	1935	-3979	-151	-14384	-2952	-10336	384	-1246	-820	-8232	8880	11512	333	-10	-21	-9840	1680	-10752	755	792	193	-12936	5144	-4904	921	471	-87	104	142	4
4192	-10708	1280	446	-2866	-2397	-12816	-304	-2816	1429	-4719	207	-9136	2864	-9680	777	-718	-191	-8088	8552	11856	243	-40	109	-13176	72	-8512	870	692	-37	-13960	8032	-1112	455	614	88	117	139	4
184	-6196	552	-178	-2264	-2534	-12464	-1112	-9032	1909	-5392	429	-8304	5176	-9080	606	-367	175	-7152	9120	12224	226	0	177	-17952	1064	-4312	840	647	77	-15312	6400	6968	-206	254	-26	123	138	4
-5876	-5584	2296	-863	-1509	-2096	-6536	280	-10512	1262	-5734	345	-8112	5008	-7464	380	-161	409	-6496	9504	11984	244	55	121	-17544	1912	-752	631	834	62	-13192	5984	10000	-568	153	-143	166	137	4
-16140	-5892	5676	-1418	-910	-1563	-4888	-1536	-14120	994	-5750	64	-5232	6248	-6584	484	-152	662	-6152	10456	10728	116	76	70	-13968	5400	912	323	1278	-181	-12824	3808	7120	-531	43	-96	128	136	4
-24856	-7976	7904	-1648	-834	-1707	-4888	-2136	-17928	912	-5777	-31	-1432	6000	-5368	383	-27	599	-6720	9824	9664	-251	-52	-94	-10944	6216	-2904	-765	1446	-205	-10952	776	5488	-16	-76	91	112	134	4
-31232	-7820	7976	-1211	-831	-2255	-7024	-976	-19224	417	-5632	-127	-888	840	-1152	515	230	482	-7008	9312	12192	-405	-49	-188	-12952	2208	-4600	-1255	1428	-105	-11448	4656	5592	1122	-36	402	122	143	4
-32768	-1152	5812	-746	-758	-2651	-15320	-872	-19424	-149	-5189	-414	-6616	-2816	4056	541	475	292	-6872	9328	12880	-329	60	-154	-17184	3304	-4120	-1149	1586	-315	-11368	13624	6776	1674	157	520	101	133	4
-32768	6584	3092	-859	-540	-2406	-23704	-2496	-19600	-749	-4478	-377	-13624	-4568	2224	-509	978	389	-7160	10056	11976	-195	123	-150	-15032	3728	-4000	-693	1875	-476	-10000	12744	856	-67	100	342	58	134	4
-32768	11328	1692	-1544	-447	-1511	-15304	-4984	-16792	-1067	-3574	-112	-19408	-4968	3984	-351	1153	541	-7560	9616	11392	-293	7	-191	-8472	1144	-9456	-524	2057	-435	-12168	1272	-280	-1730	-345	430	127	138	4
-32768	8664	68	-1609	-616	-654	-14152	-4344	-13768	-366	-2712	-299	-21960	-3960	9592	68	924	202	-6968	7608	13736	-248	-2	-199	-11512	-4336	-11472	-197	1990	-168	-14496	-1608	2560	-1458	-300	110	126	131	4
-32556	7892	-1100	-926	-784	-137	-16816	848	-12256	-177	-1714	-411	-21624	-3248	10104	72	955	162	-6520	9888	12632	-57	127	-235	-12496	-3968	-11672	-82	1966	-171	-14024	936	1040	-365	33	134	103	138	4
-26500	9400	-588	-951	-624	368	-16824	1776	-9144	-1134	-1053	-429	-15088	-4616	9560	-724	1013	998	-7192	10616	12216	-87	156	-503	-11648	3496	-11816	476	1857	164	-15032	2688	-104	437	107	105	119	133	4
-23872	5468	372	-1291	-383	734	-15528	-816	-7136	-1734	-589	-497	-14536	-5512	8584	-813	1194	1227	-7240	8136	13608	-44	275	-544	-12432	1256	-12648	144	2126	-78	-15888	5760	1248	793	182	-64	146	129	4
-20960	1972	1804	-1037	69	836	-17496	-3544	-4624	-1470	-30	-392	-15184	-4080	5048	-238	1297	898	-7336	9280	13488	91	536	-550	-14496	288	-13256	-24	2176	-221	-15512	6160	2456	382	122	-37	121	134	4
-20572	-1508	2308	-298	656	855	-18608	-4816	-3656	-327	517	-46	-17704	-2912	5160	190	1026	342	-6792	10048	15440	130	807	-747	-15912	-280	-12928	201	2128	-38	-15280	6024	4904	-12	59	-40	84	119	4
-32768	-32768	30404	1714	604	-232	-15112	-5904	-20512	1602	1241	38	-20536	-1728	9256	301	851	-45	-7528	9672	15688	171	1282	-1006	-17144	-1096	-14696	669	2237	-28	-17704	5192	6528	14	26	-120	128	128	4
20148	32767	-2620	1690	-3211	-3161	-17408	-7088	3472	102	1968	-302	-19656	-8520	6336	-532	1170	-434	-7248	10456	17216	248	1950	-1298	-19664	-432	-15160	798	2446	-52	-19808	7056	8144	206	-98	-261	101	127	4
-2116	-24464	16584	1382	-2469	-2166	-29080	-6744	10096	1880	2423	765	-21048	1424	-1600	-795	1695	-291	-7192	10968	18104	486	2920	-1573	-23856	-2144	-14720	769	2573	-227	-20408	9296	12096	-102	-505	-252	119	135	4
-6476	-16216	15416	619	-2065	-1101	-28088	-4448	5952	3561	1131	-674	-29416	3496	8440	-45	775	18	-6776	13864	20464	809	4258	-2148	-32768	-1872	-15216	816	2694	-282	-22480	13144	19632	-35	-1025	-324	116	137	4
-9968	-12104	12528	601	-1601	-450	-18672	9304	256	2067	1391	-748	-24424	-4648	5088	-762	1183	-274	-7464	19584	23160	811	5526	-3269	-32768	608	-12560	1209	2348	-439	-30280	12336	17688	113	-1368	-114	123	126	4
-7688	-3400	15648	527	-1385	-375	-23048	2688	-13080	-1485	1515	-139	-14832	-5088	-3376	-485	1356	-159	-6160	18640	18584	503	5760	-4630	-28256	2696	-6920	1150	2664	-397	-31728	6336	8304	71	-1983	157	128	146	4
-7556	-7668	13940	503	-1039	-575	-18176	-3992	2680	-1408	601	-458	-16416	-1040	-1744	-23	942	-144	-10176	14776	12744	-268	5012	-4519	-11792	2848	-7672	1319	2440	-294	-23424	3368	-5912	405	-2306	171	123	139	4
-8988	-10276	13660	428	-648	-512	-17576	-9328	-2408	76	760	-531	-21584	-4568	2192	166	430	-35	-400	11880	8880	-644	3835	-3409	-7976	344	-7944	999	1342	-368	-18384	7272	-10952	625	-2282	133	131	126	4
-7856	-11072	13028	263	-205	-117	-22136	-6792	-800	1445	1155	-79	-21728	-5560	2184	341	200	29	-10032	14184	30704	404	1298	-1389	48	864	5096	583	-531	-890	-18776	11728	-7280	337	-2106	326	132	129	4
-7364	-8112	12552	-27	49	-64	-20424	-4296	-4104	1619	1263	-113	-17632	-4864	144	94	327	127	20040	17656	15336	-1446	-2383	191	12920	5672	10440	-297	-2272	-256	-22200	12376	-3776	-485	-1793	851	126	144	4
-7560	-8908	11888	-125	125	-2	-15288	-2944	-2952	644	1118	-129	-15176	-6552	-2864	-126	550	19	14408	5784	9432	-1108	-3312	539	-672	-1552	288	-771	-2944	-208	-18728	7416	-7624	-1282	-1589	1021	119	130	4
-7960	-8108	11596	-127	92	-9	-12752	-2160	-6904	-594	965	-41	-12648	-7104	-3240	207	480	145	9528	12000	3368	-994	-3722	1310	-11696	-296	-1280	333	-3940	-1010	-14824	1648	-7888	-1876	-1509	572	123	134	4
-7892	-7340	11744	-101	40	-70	-13024	-2368	-4536	-1331	835	1	-12472	-4344	88	728	288	95	5152	7600	632	-949	-3113	1921	-11128	304	-5544	885	-5276	53	-6920	88	-9192	-2240	-1038	415	126	122	4
-7156	-8512	11556	-31	34	-56	-15232	-4456	-1072	-1033	883	0	-15176	-3576	2904	999	32	139	920	8464	1096	-729	-2193	2068	-5080	1024	-7336	313	-5399	35	-5192	-1896	-6744	-1842	64	168	127	120	4
-7304	-8632	11616	-56	54	26	-16544	-5992	-904	-68	1080	-41	-16848	-2936	3560	943	-67	138	336	8456	1424	-684	-2060	2043	-5584	2160	-8752	-108	-5599	299	-7392	-4056	-6432	-1514	263	-13	121	127	4
-7364	-8572	11756	-21	77	105	-14648	-5744	-3944	863	1288	5	-16088	504	1696	800	131	99	-9888	11696	5784	60	-889	1821	-5032	3128	-11160	-1185	-5828	371	-8208	-8360	-4528	-1077	129	-81	118	120	4
-7768	-7784	11644	-22	115	143	-13440	-1488	-5912	980	1423	-74	-14744	3736	2680	224	-33	-91	-17312	12864	6528	610	-669	2016	-6216	2264	-14104	-2333	-5912	426	-6056	-8648	-5408	-319	73	-263	124	132	4
-7716	-6932	11924	-119	134	93	-13520	2704	-4848	231	1424	-181	-13128	2936	4520	-648	-55	-181	-28392	11072	4576	965	-433	2169	-9720	704	-17496	-2489	-5973	490	-5632	-3664	-2864	172	396	-187	127	137	4
-7236	-7236	12016	-179	173	4	-12752	1120	-3272	-1030	1451	-207	-12368	-2192	4760	-1305	-14	-198	-32768	8984	1312	832	-175	2270	-10464	520	-17696	-2414	-5930	487	-7448	1912	232	-270	691	151	128	146	4
-7252	-9376	11688	-109	197	101	-13680	-7056	-1568	-859	1604	-255	-12840	-6312	1816	-1447	-75	-277	-32768	4984	-32	467	-175	2262	-17848	-248	-21528	-808	-4504	343	-11080	2624	3392	-295	637	395	126	118	4
-7868	-9548	10832	-38	205	319	-14528	-8616	-7168	-183	1789	-236	-12648	-6544	1328	-1390	-92	-323	-32768	-240	1304	521	-258	1922	-18328	448	-20040	402	-3733	332	-15432	5736	6168	26	827	261	131	117	4
-8044	-8160	11380	24	190	399	-12976	-2936	-7592	177	1930	-169	-13736	-3816	-2400	10	1	-540	-32768	96	1248	1074	-454	1526	-17200	2064	-16184	996	-2994	392	-18032	5688	7976	660	1280	-244	135	138	4
-7868	-5604	12420	-29	260	329	-11656	1128	-11384	-99	1932	-147	-12960	-2856	512	448	-83	-321	-32768	2496	816	984	-977	984	-17352	2264	-12144	594	-1497	388	-18016	2160	6984	1208	1641	-778	125	126	4
-7604	-7324	12916	-196	532	202	-13152	-832	-8232	-636	1824	-136	-13088	-2976	3880	455	-197	-62	-31136	-312	264	963	-1351	447	-20336	-1208	-10224	1237	-1805	805	-17120	3248	10792	911	1271	-1215	174	127	4
-8128	-9172	12028	-323	760	355	-15000	-3704	-7968	-640	2003	-202	-14536	-576	4024	521	-294	34	-26800	-4352	-1048	1474	-1402	-110	-17024	-1048	-7504	1998	-1211	995	-18248	9304	14808	527	733	-435	134	137	4
-8360	-9560	11856	-244	863	628	-14112	-4624	-8584	-622	2209	-254	-14848	-2152	2008	248	-195	121	-22336	-1984	-1384	1537	-732	-676	-16272	2184	-5560	1884	-66	766	-17456	11712	11584	314	822	50	129	127	4
-8572	-9592	12004	-201	877	670	-14504	-2968	-10200	-746	2265	-294	-15536	-2552	1256	-51	-230	-13	-23096	3080	-352	561	73	-783	-15296	2704	-5872	731	587	321	-16432	7744	9720	139	715	203	111	138	4
-9136	-8908	11776	-140	1162	1105	-13096	-1992	-13208	-992	2232	-339	-15784	-1200	736	-340	-204	-75	-20496	2120	816	-126	667	-698	-16112	2248	-3808	-117	1190	62	-14296	3576	11760	-11	332	176	146	121	4
-9024	-7464	12812	-112	1402	1174	-13192	-368	-12584	-1321	2206	-309	-15376	-3040	2536	-572	-174	13	-32768	22824	32767	-3999	-1726	862	-14800	12232	-11792	-717	1676	238	-16992	2384	13080	1035	900	-157	109	144	4
-9356	-8308	13560	-192	1875	1263	-13640	-672	-12752	-1343	2212	-287	-16160	-5376	5296	-483	-337	72	-32768	32767	25008	151	-2106	2152	-25600	-8224	-7280	-1347	2269	-495	-18224	1552	-2192	2439	2046	50	120	141	4
-9828	-10508	15388	-230	2563	1606	-23152	-2936	-13960	-938	2450	-98	-20800	-9824	11072	-152	-765	126	-1880	11656	17120	-939	-2141	1272	-29320	-1936	6320	-24	1229	226	-26960	368	3512	1873	1526	-167	124	135	4
-9960	-14588	18000	-338	3648	2402	-32768	-3304	-13368	-956	2665	-89	-25800	-11648	17032	452	-1455	169	-5896	13360	14896	-939	-1781	839	-20648	-2320	5736	280	1205	388	-23104	8176	7800	964	788	289	129	133	4
-11396	-18160	20200	-47	4676	3524	-32768	-3208	-12416	-1282	2669	27	-27288	-11928	16992	479	-1511	190	-7720	8712	15288	-839	-1442	603	-21912	4112	-392	-124	1687	318	-16656	10120	3440	566	977	129	123	133	4
-9784	-18652	17932	323	5219	4595	-28688	-4888	-10984	-1246	2331	115	-32768	-4408	9960	300	-2469	-226	-9560	10968	11328	-615	-1144	734	-16456	2808	-3032	-1571	1521	-116	-12992	6904	-816	-222	722	17	131	136	4
-9128	-17144	12464	832	5158	5292	-17040	-5280	72	-2187	1509	-66	-26680	-2304	-4088	-102	-2498	-522	-11784	13384	12552	-1221	-657	-6	-19672	10704	952	-1515	1344	-125	-20160	13288	6424	-540	152	270	117	144	4
-5884	-10796	7188	870	3675	3949	-6096	-560	-8128	-2866	1268	-191	-19416	-4368	-14760	-556	-2470	-522	-6032	9488	15840	-618	-402	-141	-27488	-2008	-864	-1793	1242	174	-21464	14400	1840	-832	171	587	121	139	4
20792	-2984	27112	-709	-19	1627	224	-2296	3384	-936	-624	792	-15736	-7496	-9488	-458	-2192	-678	-6576	8680	13080	-302	-146	-96	-18480	-824	-8848	-868	1476	-287	-18112	3320	-1352	-1524	213	332	113	143	4
18736	-19752	16564	913	-3619	-187	13720	-6112	8672	1063	-2236	658	-17752	-6344	-3928	215	-1630	-908	-6928	9000	12808	-164	-82	-92	-16144	3528	-6648	-281	1565	-124	-16992	2520	-3608	-1150	264	50	122	146	4
16372	-7116	5720	426	-3876	-769	8752	3480	920	2373	-3316	-66	-16640	-3200	-7832	692	-1230	-813	-7304	9176	12464	-134	-107	-80	-12872	4096	-7840	-393	1039	-57	-12544	5536	-3192	-456	163	151	152	144	4
7856	-14872	2604	283	-3895	-1777	-5000	5568	-872	1005	-4070	383	-11744	2424	-8256	882	-889	-376	-6736	8744	12480	-129	-112	-34	-13000	-608	-7848	-238	959	-219	-13264	5616	-592	-487	247	307	118	142	4
4480	-10448	500	451	-3377	-2528	-10656	-3952	-2584	850	-4943	265	-8792	4152	-8704	330	-525	122	-6440	8608	13008	18	-18	-55	-19272	0	-5864	270	965	-146	-18144	3248	2536	-913	195	113	119	140	4
-1892	-9560	2116	78	-2441	-2972	-11888	-2960	-8464	1074	-5358	736	-7896	2392	-8008	34	-153	269	-6672	8600	12568	141	56	-75	-16256	-344	-5792	57	855	57	-17192	-208	3344	-1082	130	-101	158	137	4
-6440	-7572	4412	-188	-1818	-2764	-5280	-2160	-9736	801	-5609	165	-6280	1384	-7856	37	138	438	-6880	8280	12848	234	138	-58	-14656	-968	-5048	34	1112	30	-16296	-2088	5416	-199	71	-353	144	136	4
-12596	-7388	7196	-872	-1144	-1980	-7648	-4224	-10944	1483	-5827	12	-5816	2800	-5048	597	58	553	-6904	9448	11832	266	166	-76	-14088	136	-4600	298	1107	162	-15248	-2416	5040	469	135	91	116	138	4
-23256	-9296	9332	-1257	-671	-1820	-10816	-4312	-17928	2266	-5939	22	-5064	3056	-4736	744	182	386	-7240	7992	12880	273	176	-81	-12600	-952	-4888	407	1273	265	-11632	912	5328	1433	140	102	114	139	4
-31224	-8632	7692	-1137	-535	-2090	-14008	-1176	-20280	1538	-5828	164	-5560	3776	-4200	863	640	349	-7512	8520	12304	324	188	15	-12544	2712	-3440	655	1594	145	-9344	8072	4600	1649	166	163	119	139	4
-32768	-4496	5092	-861	-494	-2215	-14848	-1120	-19664	312	-5378	190	-8072	1384	32	685	726	229	-6920	10560	11376	199	123	-40	-13096	7000	-4104	419	1762	111	-9464	10720	2824	1116	45	169	111	136	4
-32768	1080	3648	-800	-344	-2152	-17120	-2328	-18552	-580	-4596	44	-14552	-1792	5160	345	922	-96	-7088	10488	11064	16	5	-183	-13048	5112	-6184	-125	1821	47	-11728	8352	200	249	-159	274	93	131	4
-32768	5848	3060	-1151	-90	-1754	-19760	-2488	-15368	-1191	-3979	-263	-17160	-5048	6784	-404	1692	201	-7000	8920	11680	-114	-83	-268	-12168	-992	-8920	-242	1811	68	-13104	4184	1488	-595	-265	303	107	128	4
-32768	5884	2780	-1647	-216	-958	-18672	-3904	-13312	-1249	-3429	-394	-18504	-2792	5520	-852	1990	1143	-7024	8224	12880	-76	-24	-232	-13120	-704	-9952	224	1833	86	-13440	4064	1376	-471	-92	89	117	139	4
-32768	5376	1864	-1890	-868	-291	-17440	-2752	-10664	-1345	-2604	-699	-21192	-5464	9224	-738	1601	1613	-7152	9224	12112	-27	43	-232	-12344	2520	-10384	361	1821	176	-13304	3856	1072	-389	76	-6	121	136	4
-29448	6140	584	-2170	-1154	-3	-18312	-1720	-8136	-1870	-1848	-860	-19128	-8848	11512	-263	1009	1307	-7000	9984	11992	-35	37	-344	-12432	4088	-9632	212	1887	180	-14872	4224	384	-185	107	-30	100	124	4
-24708	6792	-916	-2168	-764	220	-17368	-3016	-4000	-2061	-1025	-650	-16040	-8736	10272	645	858	560	-7184	9248	12632	-47	54	-492	-12200	1904	-12120	-146	1896	189	-14856	4464	952	-2	196	-62	129	136	4
-22940	4676	-1740	-1400	-89	402	-14904	-4800	-3424	-1167	-103	-328	-18208	-7008	9864	825	599	-92	-7216	8416	13512	17	206	-501	-13824	224	-13152	34	1913	137	-15368	5712	2288	300	305	-91	117	131	4
-22724	4148	-1812	-1197	20	420	-13864	-4240	-2552	224	758	28	-20296	-3176	10440	595	239	-245	-6792	9712	14200	120	528	-547	-13992	80	-13088	77	1908	128	-16272	5104	4536	326	322	-118	82	136	4
-20104	1836	196	738	1379	596	-16280	-2288	-3448	1373	1433	172	-19568	1984	8200	286	130	-126	-7008	10048	14512	167	868	-761	-14960	688	-12872	644	2010	196	-16168	3880	4664	253	339	-269	120	136	4
-22388	9492	21788	6509	-3112	-2389	-19208	-14896	-1080	446	2075	-86	-21272	-160	7176	-1246	275	-115	-6992	10224	14296	254	1238	-993	-15800	840	-13000	675	2162	214	-16304	4056	3936	447	221	-444	136	140	4
-10336	-22104	8272	-897	-2803	-2504	-19248	-152	-4432	3162	3026	88	-18728	-2744	7168	-1206	855	-1083	-7760	10056	15728	356	1763	-1248	-17480	-232	-16080	648	2240	208	-19976	6944	6112	658	186	-524	114	120	4
2160	-7952	21940	685	-2371	-1283	-32768	7760	15464	1815	1735	-231	-19528	8216	-3232	-2905	1715	237	-6952	10720	19184	614	2714	-1497	-25136	-1720	-16120	808	2424	117	-21968	10928	13456	508	-218	-503	117	147	4
-8348	-14400	15016	513	-1822	-641	-17944	6232	5880	294	1120	-530	-23080	-40	4400	-1935	543	-58	-5408	14216	22384	1012	4301	-2064	-32768	-2768	-15976	977	2432	-65	-25328	15328	19456	119	-953	-342	98	131	4
-7992	-9252	14020	593	-1498	-451	-18264	-2800	-3392	-1350	1343	-478	-18168	-9152	-800	-1430	779	-900	-6344	17200	22928	1163	5782	-3029	-32768	944	-13816	1133	2358	-306	-29096	10920	17528	-252	-1650	-2	110	129	4
-7980	-7964	12040	374	-1347	-668	-18688	-4848	-5728	-863	1406	-122	-17144	-8760	-1664	-1322	799	-895	-6400	17640	17856	1101	6336	-4124	-27744	1344	-9048	657	2211	-376	-30048	4216	9880	-186	-2199	129	120	133	4
-12964	-15980	14828	872	-506	-376	-21512	-6864	-1648	650	989	-365	-24672	-10136	6528	-170	208	-440	-5832	22608	12296	169	5273	-4778	-13944	4704	-4488	2184	2228	244	-25768	3264	-6408	349	-2495	116	123	129	4
-7076	-9008	13356	225	-143	-47	-25536	-4080	-2792	2247	1067	-470	-24008	-5008	344	918	478	70	4544	13680	13008	-937	3898	-3894	-7216	3592	-10008	1409	1449	314	-22328	8496	-11448	966	-2573	83	130	122	4
-6968	-8548	12272	3	57	-21	-16792	-3600	-4336	1495	1554	49	-16584	-6296	-720	614	275	449	-5224	15336	32767	890	147	-1725	-1544	72	-864	129	-316	-824	-21776	11176	-7232	492	-2388	349	126	120	4
-7488	-9568	11492	-17	66	2	-14320	-6120	-3256	761	1344	-56	-12632	-9320	-3888	676	309	191	21248	19304	13784	-1213	-2805	104	12360	3512	10552	-175	-2491	-177	-20912	8936	-2760	-288	-2347	801	127	131	4
-7692	-8552	11800	42	-15	1	-11424	-3344	-5648	-12	1108	-26	-11016	-10264	-2200	1220	128	-163	14112	1072	8400	-913	-3024	650	792	-4248	552	-309	-3094	-156	-16784	5888	-7376	-754	-2099	943	124	128	4
-7432	-7884	11804	29	-21	-51	-14232	-1944	-3976	-758	1097	133	-13344	-6728	2080	1700	-122	-128	9008	10880	4016	-483	-3247	1446	-11312	1352	-2408	719	-3964	-945	-12864	184	-8016	-1073	-1703	601	116	127	4
-6608	-8468	12164	-11	24	-11	-17456	-2872	-1504	-593	1156	83	-16672	-1312	3728	2073	-219	91	5352	4528	1816	-569	-2807	1772	-10712	-464	-4160	1238	-5166	87	-8184	-1160	-9760	-1321	-1327	303	118	128	4
-6772	-8308	11804	-106	105	5	-15856	-3032	-5008	36	1299	17	-16096	3640	1704	1889	-19	300	1512	5656	3184	-73	-2115	1751	-4528	-1568	-8360	838	-5518	390	-6928	-1576	-7152	-878	-258	-89	123	124	4
-7332	-7748	12004	-171	157	-13	-13712	-2712	-4728	519	1371	10	-16200	4448	1432	947	62	242	-5488	9168	5968	174	-1527	1548	-3080	520	-8408	946	-5730	462	-6776	-1520	-7256	-872	20	-216	122	127	4
-7144	-9276	11492	-88	117	34	-13560	-4120	-3128	566	1344	-89	-14760	1552	2720	-311	1	-147	-13080	11160	8624	221	-1184	1677	-3816	1576	-11368	-188	-5663	543	-6424	-1768	-6744	-805	-38	-179	125	123	4
-7160	-8812	11448	-35	85	86	-13832	-2624	-4176	233	1374	-172	-12872	-3080	2488	-1088	15	-469	-23448	8728	8856	641	-1018	1896	-7112	3104	-15024	-1463	-5857	541	-3664	-1664	-2984	-1059	-313	103	124	125	4
-7276	-7808	11236	42	52	93	-12856	-2304	-3736	-352	1531	-45	-11960	-5632	-104	-1236	37	-626	-32768	7952	4928	750	-1058	1984	-12328	-328	-18280	-2164	-5496	393	-5552	-744	-952	-1229	90	205	125	128	4
-7716	-8172	11224	173	-43	79	-10928	-4864	-7840	-271	1597	-5	-11096	-4064	2080	-972	-16	-538	-32768	6584	992	8	-1185	1870	-13976	-1256	-22080	-2028	-4928	147	-6712	-3560	-360	-1304	595	51	124	127	4
-7008	-7684	12236	151	17	68	-13376	-2536	-5472	-157	1623	-126	-13256	-6344	4328	-788	74	-500	-32768	3472	280	-325	-1064	1639	-15544	-968	-19072	-907	-4126	-23	-12760	2456	4128	-316	471	-202	142	116	4
-6580	-10460	11428	158	101	225	-16456	-5120	-4728	-38	1665	-76	-15664	-5584	1728	-35	-14	-251	-32768	3696	1032	-17	-740	1467	-19608	1232	-17352	-227	-3678	134	-20360	6296	7744	328	663	-385	132	121	4
-7272	-8804	11864	229	114	472	-13952	-2840	-8968	-4	1771	-187	-14728	-5088	-512	605	-38	-252	-32768	5576	1040	294	-510	1408	-19064	1816	-14464	157	-3025	84	-20408	7408	6760	95	1266	-443	125	136	4
-7728	-6312	12392	158	137	420	-11768	-1472	-11472	-303	1798	-100	-13976	-4296	-1472	712	58	-84	-31096	5592	1576	390	-459	1307	-19824	32	-11256	643	-2432	303	-18512	4680	11864	152	1041	-991	124	135	4
-7896	-7036	12304	13	215	301	-11488	-1592	-11584	-338	1790	-85	-14928	-3240	120	862	75	34	-27576	5648	2944	401	-507	1149	-18496	1264	-7200	708	-1829	467	-18840	4488	12016	-106	820	-883	164	122	4
-7464	-8044	12540	-157	375	283	-13552	-2168	-9656	-359	1631	-113	-15568	-2320	1624	798	-1	175	-23552	5520	4544	235	-597	743	-19944	1912	-4512	642	-1213	580	-17080	4296	10248	20	1448	-640	136	102	4
-7332	-8312	12928	-314	570	369	-14584	-1000	-10464	-576	1697	-127	-16152	-528	3392	689	-189	223	-19728	4432	4640	374	-527	316	-21384	1280	-2488	480	-888	589	-14976	3032	9368	-77	1436	-169	139	150	4
-7448	-8908	12504	-232	730	508	-14920	-752	-9920	-638	1714	-138	-17128	744	2224	262	-138	218	-16680	4288	4240	534	-198	-28	-18072	1808	-864	193	-692	498	-15464	2888	9936	-336	1021	168	125	117	4
-8304	-9308	12328	-166	864	721	-14240	-3584	-12144	-879	1689	-327	-17984	-264	2176	-316	-72	202	-16288	6040	4808	442	194	-213	-16104	816	-1560	-394	-288	364	-15480	2112	9232	-234	985	233	118	130	4
-8396	-8876	12696	-108	1049	920	-14560	-2840	-12200	-1024	1701	-351	-17824	-2696	2952	-800	-128	157	-19800	7904	6008	226	369	54	-15816	368	-424	-853	155	278	-14992	-400	8184	374	941	83	130	143	4
-8468	-9272	12556	-46	1275	1112	-14288	-2872	-11288	-1195	1737	-302	-16272	-4504	3808	-918	-290	91	-16848	4520	6536	-336	5	246	-15168	1000	-4224	-1014	868	225	-16344	712	8048	1004	976	105	75	131	4
-9088	-9192	11832	-60	1467	1348	-13656	-2912	-11832	-1247	1801	-324	-15296	-3752	3696	-793	-420	90	-13224	-6072	4088	231	208	-638	-16152	-3624	-2624	-633	738	189	-16624	2704	6976	1514	1099	192	110	143	4
-9060	-8476	11844	-2	1641	1588	-13464	-3112	-11776	-1262	1811	-320	-14696	-4352	4736	-696	-542	221	-14392	-1888	3120	1310	605	-1494	-13472	-6104	-6112	137	843	297	-16024	2192	7000	1573	1130	208	136	128	4
-9504	-8340	12548	54	1990	1801	-15192	-1488	-11328	-1495	2014	-345	-13448	-6096	7408	-512	-810	340	9392	-32768	16432	-355	-2635	2962	-11616	4576	-2408	2401	1408	450	-17440	3376	2120	2673	1168	-302	107	133	4
-9968	-10392	14248	69	2559	2162	-20552	-3944	-13512	-1367	2182	-286	-14936	-10448	11904	-565	-1096	461	-9800	20008	15680	-1076	-2275	1643	-32768	5376	7040	3427	1992	366	-23816	12240	-3896	2292	1802	-7	123	131	4
-8376	-13316	16368	214	3423	2932	-29968	-3232	-11944	-1415	2310	-141	-23688	-16448	13920	-65	-1332	275	-5632	15288	14112	-897	-2199	1101	-21344	8576	10752	-469	537	635	-23608	10376	5072	-489	996	-138	122	131	4
-8240	-14208	15232	600	3944	3904	-24200	-4472	-8296	-1647	1976	32	-28912	-9768	6440	813	-1656	-163	-6920	13144	15112	-1182	-1942	399	-20312	6936	2352	-1616	1493	157	-21344	10656	3288	-1580	801	-198	120	132	4
-9192	-8176	9348	796	4044	4155	-11896	-2952	-12448	-1796	1763	75	-23944	-2960	-5280	526	-1598	-385	-7016	11416	16288	-1269	-1199	62	-22856	1192	-1112	-2808	1227	66	-18200	4968	192	-1984	621	286	122	136	4
-6728	-1548	4216	742	3413	3291	-2888	-1808	-14184	-400	1133	409	-18712	-4168	-10176	104	-1417	-278	-6464	9672	15416	-1309	-542	30	-24032	-2736	-3392	-2071	1000	110	-24256	6496	4216	-1474	506	408	127	138	4
21052	-8716	11088	918	2300	1729	4240	-1368	-1696	370	-141	917	-18648	-7152	-9056	75	-976	-203	-6488	8504	15120	-462	-253	-37	-27368	-2816	-408	-514	958	168	-23424	4240	1792	-918	373	332	118	139	4
2528	-21708	13140	780	1449	-675	9200	-600	-6040	978	-1061	988	-20592	-9096	-5576	515	-647	-332	-6880	9600	12528	-133	-95	-40	-18696	4608	-4968	-14	977	107	-16688	2600	-3336	-132	388	144	119	136	4
2084	-3696	9996	715	-54	-1651	4952	-1960	-6640	1446	-1768	724	-20784	-2992	-5168	1312	-392	-468	-7120	9504	12336	-53	-81	-87	-15472	5816	-6360	-328	857	78	-15192	4880	-7216	505	490	58	143	138	4
-2564	-3532	8592	347	-1365	-1513	-3496	-360	-8680	1797	-2344	608	-19288	4248	-5416	1410	-225	-256	-7328	9216	12344	-51	-94	-93	-15352	2056	-7664	-610	375	22	-14664	5296	-7984	262	637	-29	164	135	4
-7824	-3040	7404	344	-2495	-1551	-10632	2408	-11712	1618	-2826	285	-16456	6328	-5344	794	-182	158	-7008	8464	12816	-20	-51	-83	-16328	-1096	-6840	-198	131	-30	-17712	2032	-5232	-311	543	-132	147	137	4
-10620	-2192	4648	322	-3071	-1762	-5496	5112	-13536	711	-3200	583	-16056	6048	-5296	667	-183	204	-7176	8600	12296	79	1	-77	-18024	-936	-5872	268	6	118	-18032	-864	-2712	-502	632	-191	137	137	4
-11848	-636	3552	193	-2888	-1821	-3888	3472	-14416	-430	-3311	594	-11496	1184	-2608	-371	12	275	-7056	8128	12304	105	19	-59	-16160	728	-4192	401	-19	168	-16152	-880	-800	-111	693	-2	133	135	4
-16544	-3196	4564	135	-2567	-1921	-6056	-560	-16384	-493	-3442	384	-10104	-280	-1496	-299	126	163	-7064	8824	12240	114	28	-33	-15144	2872	-2584	261	-22	144	-15784	2552	776	457	662	96	125	136	4
-21392	-1660	5300	109	-2282	-1990	-7248	-2288	-16848	-45	-3528	226	-11256	-968	-136	-32	200	49	-6952	8920	12040	99	9	-34	-14896	3144	-2008	112	-13	151	-15384	5552	1136	672	549	163	120	139	4
-23820	-436	6092	-376	-2196	-1854	-7720	-2080	-18184	475	-3275	91	-12664	568	408	232	431	47	-7152	8984	12096	61	17	-37	-15496	2128	-2824	52	66	123	-15688	6864	-656	458	462	98	128	132	4
-26868	-2936	6060	-489	-2466	-1737	-8232	-1136	-19416	653	-2831	13	-14208	3392	-216	61	564	166	-7216	8616	12176	82	41	-15	-16496	1296	-4256	186	99	138	-15568	6000	-1104	-53	349	-5	187	134	4
-24380	196	3640	-539	-2299	-1641	-9296	-976	-17552	533	-2551	41	-15520	2040	-328	-458	712	416	-7192	8912	12264	85	44	2	-16544	1664	-3648	343	86	132	-15456	4480	-2328	-445	357	-32	119	134	4
-25440	-2784	4396	-580	-1936	-1413	-11712	-2016	-18288	363	-2296	-28	-16600	-1944	560	-443	792	571	-7040	9208	12144	47	34	10	-15688	3424	-3728	253	43	123	-15416	3864	-2632	-567	463	26	125	134	4
-24760	-1924	5356	-625	-1469	-1308	-12784	-2528	-16944	274	-2025	-152	-17248	-3984	1432	-316	809	506	-7264	9280	12256	44	28	-7	-16744	3056	-3832	-27	-29	107	-16784	3672	-2168	-555	575	128	125	136	4
-23424	-3068	6568	-827	-1114	-1157	-13448	-1944	-16456	168	-1740	-183	-16840	-4296	56	-216	993	501	-7200	9000	12232	67	41	-12	-17424	1584	-3792	-74	-86	72	-16768	3960	-2480	-294	586	76	131	135	4
-21628	-3612	7624	-586	-938	-937	-13456	-560	-15456	-253	-1517	-249	-17664	-3016	848	-306	840	578	-7328	9024	12384	98	42	-3	-16408	1648	-4416	102	-111	77	-15176	4640	-536	-259	507	-17	137	133	4
-18344	-2416	8200	-532	-842	-564	-13888	-1656	-13584	-592	-1423	-254	-17280	-608	-2288	-675	1178	785	-7360	9064	12104	87	34	21	-15632	2720	-3400	324	-152	61	-14936	5040	-1248	111	618	-174	117	126	4
-18040	-2668	8164	-536	-828	-495	-14104	-1656	-10576	-554	-1383	-359	-17648	-344	-1624	-809	1231	844	-7128	9160	11880	44	11	28	-14824	3136	-2944	222	-125	52	-14584	4808	-1960	117	527	-84	127	138	4
-11244	-4552	6180	45	-98	403	-14928	-1856	-9352	-116	-1419	-360	-16432	992	-2096	-680	1374	767	-7200	9432	12216	-2	-6	25	-15008	3256	-3344	209	-128	56	-15224	4776	-2528	94	622	11	121	134	4
-27420	-3032	10428	-781	-1917	-1201	-13568	-8488	-21568	204	-476	-381	-18224	-2488	4008	-340	952	412	-7256	9056	12432	-13	-2	21	-17144	2520	-3384	158	-164	37	-16544	5744	-2928	38	592	17	121	132	4
2952	-8196	14364	-289	-1207	-975	-24080	2136	2936	-914	-674	-326	-18824	-2944	-2280	-502	1358	176	-7240	9048	12040	12	14	23	-17032	3136	-2696	55	-144	-2	-16488	6424	-3152	8	567	17	119	127	4
-7984	-7012	12788	-155	-947	-819	-19864	-4912	-5416	524	-774	-101	-21568	-888	-1256	-408	1219	426	-7152	9200	12312	33	19	21	-15912	3272	-1784	-31	-98	-55	-14888	5288	-944	-215	500	-91	127	134	4
-7988	-10712	13124	-213	-723	-655	-15152	-1720	-3632	1068	-971	-368	-20728	96	1000	-132	1024	564	-7248	9272	11696	31	22	21	-15704	3704	-424	-147	-5	-111	-16992	6976	1936	-204	508	-156	113	132	4
-8092	-10372	12640	-172	-631	-536	-15512	-1096	-4944	1101	-939	-323	-17168	-808	744	232	1101	497	-7024	9432	12168	-8	-9	10	-15760	2728	-96	-211	101	-123	-16296	5496	672	-473	436	-133	112	131	4
-7836	-9684	12148	-124	-564	-413	-18064	-2808	-3776	186	-881	-159	-15480	-2160	888	277	1482	453	-7000	9480	12304	-35	-27	-5	-16312	3208	-1128	-261	204	-137	-15992	4664	-624	-441	341	-196	114	129	4
-7940	-10020	12096	-112	-557	-392	-16304	-440	-2752	9	-945	-305	-16224	-2792	776	-78	1822	460	-7392	9160	12096	-46	-40	-15	-16392	2536	-3288	-433	246	-141	-15080	3328	-2520	-277	291	-233	115	129	4
-7800	-7640	12384	-8	-209	-316	-16696	568	-2136	-46	-948	-323	-17992	-3104	1552	-141	1643	576	-7080	9240	12408	-62	-50	-31	-16632	2128	-3864	-454	216	-163	-14744	2384	-3488	53	478	-358	113	132	4
-7464	-8532	12192	-123	-76	-278	-17752	-2528	-1152	-435	-789	-144	-18096	-1280	1296	338	1385	590	-7176	8872	12096	-71	-58	-32	-15936	1352	-4600	-369	156	-143	-16120	1728	-3824	262	483	-413	113	132	4
-7504	-9148	11488	-125	15	-150	-15832	-4968	-504	212	-654	-298	-17328	-1432	1168	523	873	451	-7192	9040	12128	-93	-62	-21	-15616	984	-3760	-92	149	-119	-16208	1976	-4560	227	273	-325	115	133	4
-7560	-9376	11004	-65	17	-90	-14680	-3920	-992	535	-495	-279	-16240	-3280	824	287	512	260	-7144	8984	12040	-106	-74	-19	-15672	1968	-3488	10	133	-81	-15760	2456	-4000	203	57	-182	117	133	4
-7552	-8852	11148	16	-26	-55	-14488	-2152	-456	324	-357	-137	-15912	-4768	216	187	452	31	-7240	8880	12424	-113	-80	-10	-15568	2168	-3656	-53	138	-88	-15808	3352	-3336	258	82	-73	115	134	4
-7448	-8548	11324	73	-49	-48	-15280	-2152	-720	-9	-266	-145	-16768	-4040	0	229	368	-125	-7264	8752	12032	-116	-76	-13	-16176	1824	-3448	-129	137	-94	-16024	4064	-3344	195	87	-34	115	134	8
-7380	-8616	11592	73	-47	-29	-16480	-2656	-472	-70	-192	-171	-17560	-1816	-24	274	250	-95	-6840	9008	12696	-94	-56	-16	-16880	1832	-3904	-205	94	-55	-16728	3872	-3976	60	116	-42	117	133	8
-7332	-8528	11600	36	-21	-25	-16328	-3048	-1080	35	-84	-137	-17096	-912	-840	180	148	13	-6968	8832	12528	-36	-42	-20	-17328	1160	-4480	-159	69	-54	-16736	3520	-4184	-84	132	-91	117	133	8
-7404	-8676	11612	12	2	-17	-16160	-3032	-1232	66	-60	-123	-16352	-1656	-1976	18	148	62	-6920	8656	12544	-3	-18	-25	-16536	888	-3792	0	62	-68	-16304	2936	-3688	-176	109	-108	117	133	8
-7472	-8660	11532	18	-1	-8	-15776	-3136	-2280	341	26	-75	-15832	-1872	-2896	-73	138	42	-7000	8888	12344	22	-2	-22	-15848	1848	-3088	75	39	-38	-15664	2736	-3352	-162	61	-80	118	133	8
-7412	-8644	11484	25	-3	-5	-15728	-2072	-3032	254	36	-60	-15784	-1544	-3400	-54	127	50	-7032	8912	12392	19	-8	-21	-15824	2064	-3496	27	41	-32	-15504	2336	-2696	-80	28	-45	119	133	8
-7528	-8296	11736	14	11	-4	-16024	-1880	-3112	35	19	-49	-16064	-872	-3712	17	123	54	-7024	8904	12208	6	-5	-34	-15984	2064	-3320	-21	37	-43	-15640	2344	-2728	56	34	-5	119	133	8
-7388	-8404	11460	5	10	-11	-15960	-2440	-2656	-130	12	-51	-15984	-392	-2968	51	127	33	-7008	8848	12168	-3	-15	-32	-16000	1656	-3840	-7	30	-23	-15664	2664	-3080	189	75	12	120	134	8
-7444	-8416	11504	4	7	-9	-15472	-2840	-2416	-83	8	-50	-15680	-648	-3264	14	107	-9	-6928	8760	12336	-14	-10	-31	-15896	1248	-3824	79	32	-21	-15768	2624	-3208	255	94	3	119	132	8
-7476	-8456	11616	-4	10	-7	-15680	-2888	-2504	29	35	-45	-15832	-1008	-3448	-8	69	-45	-6984	8864	12600	-5	-5	-31	-16256	1528	-3672	163	14	5	-15752	3000	-3712	276	103	-16	117	132	8
-7456	-8416	11540	1	12	-13	-15672	-2712	-2720	101	56	-26	-16064	-1304	-3328	3	66	-43	-7048	8864	12400	6	-8	-33	-16368	1744	-3856	195	16	14	-15584	3136	-3464	203	93	-9	117	132	8
-7400	-8524	11596	-1	7	-5	-16048	-2776	-2832	130	47	-16	-15672	-1384	-3888	54	90	-31	-7128	8816	12536	6	-4	-26	-16016	1920	-3648	111	15	4	-15504	3448	-3384	93	102	0	118	131	8
-7480	-8448	11552	-14	21	-2	-16008	-2456	-3272	83	32	-22	-16040	-1040	-4256	85	116	7	-7048	8904	12368	7	-5	-23	-15872	2000	-3824	10	7	13	-15552	3320	-3496	-3	107	-13	118	132	8
-7520	-8352	11680	-23	20	-2	-15960	-2160	-3176	-49	16	-10	-16008	-848	-4256	111	114	34	-7024	8944	12248	17	-7	-15	-16136	1696	-3848	-38	16	2	-15696	3144	-3512	-69	98	-16	119	132	8
-7512	-8436	11632	-22	18	-2	-15632	-2504	-2384	-130	3	-9	-15800	-752	-3424	80	82	24	-6768	8952	12432	10	0	-17	-16280	1800	-3448	3	6	8	-15808	3144	-3928	-35	82	-1	119	131	8
-7528	-8376	11548	-20	19	-11	-15432	-2616	-2504	-105	20	-11	-15696	-712	-3312	48	30	1	-7128	8928	12584	10	-1	-22	-16336	1960	-3416	34	-4	11	-16040	3160	-3744	22	79	2	119	132	8
-7460	-8400	11588	-18	25	-14	-15328	-2648	-2360	-52	51	-3	-15592	-776	-3040	-7	-14	-22	-7224	8840	12600	4	-4	-24	-16328	1352	-3536	74	-4	16	-15592	2856	-3464	40	60	-1	118	132	8
-7472	-8528	11528	-14	22	-8	-15648	-2840	-2608	23	64	-3	-15720	-872	-3336	-92	-18	-48	-7064	8528	12376	3	-10	-11	-15704	1016	-3512	105	8	27	-15176	2504	-3136	32	35	-12	119	132	8
-7448	-8508	11456	-15	20	-3	-16248	-2344	-3224	43	62	-8	-16056	-568	-3976	-156	2	-36	-6984	8848	12560	2	-9	7	-15624	1664	-3392	89	22	36	-15168	2616	-3368	40	20	-12	120	131	8
-7544	-8400	11496	-20	21	-3	-16072	-1984	-3280	-47	40	-9	-15864	-728	-4320	-165	30	-2	-7096	9080	12464	-13	-13	2	-16344	2344	-3552	-26	9	50	-15704	3272	-3832	53	38	7	119	131	8
-7504	-8380	11448	-27	22	-11	-15672	-2080	-3088	-122	20	-6	-15608	-952	-4136	-140	26	12	-6984	8688	12512	-6	-12	-4	-16496	1992	-3936	-128	-15	40	-15872	3504	-4184	0	58	15	119	131	8
-7496	-8300	11480	-27	20	-22	-15192	-2616	-2744	-114	12	-12	-15432	-960	-4000	-73	-11	13	-6944	8712	12368	7	-3	-4	-16392	1424	-3624	-148	-11	26	-15728	2880	-3832	-131	85	4	120	132	8
-7496	-8560	11536	-32	22	-23	-15816	-3040	-2984	4	23	3	-15656	-1160	-3984	-5	-49	-15	-6888	8744	12336	19	4	1	-15944	944	-3736	-43	-34	56	-15344	2696	-3848	-125	61	-70	120	132	8
-7488	-8416	11524	-29	21	-12	-16056	-2576	-2984	73	31	2	-15928	-920	-3880	13	-55	-28	-7176	9072	12368	32	12	1	-16312	1888	-3512	105	-28	63	-15616	3672	-3824	-84	69	-35	121	131	8
-7512	-8372	11536	-31	17	-12	-15792	-2312	-3024	42	19	15	-15440	-664	-3960	-33	-39	-8	-6896	9072	12464	32	16	-3	-16456	2392	-2952	100	-29	88	-15712	3528	-3768	-87	71	-11	121	131	8
-7508	-8324	11416	-25	6	-17	-15664	-2216	-3336	28	13	18	-15240	-856	-3992	-55	-30	-1	-6984	8960	12424	29	10	-8	-16176	2536	-2896	-1	-26	22	-16000	3568	-3560	-80	37	-28	120	131	8
-7496	-8352	11540	-12	4	-24	-15560	-2424	-3280	-84	-12	5	-15408	-1032	-3856	-22	-39	6	-7032	8872	12528	16	-2	-10	-15800	1640	-3144	-99	-19	45	-15768	3816	-3344	-84	21	-27	120	132	8
-7520	-8460	11428	-3	4	-23	-15720	-2664	-2744	-37	-7	6	-15600	-992	-3424	10	-53	7	-7016	8896	12408	22	8	-6	-15976	1776	-3664	-99	-3	46	-15648	2976	-3248	-123	36	-13	121	132	8
-7516	-8412	11416	-3	1	-24	-15712	-2584	-2656	30	7	10	-15832	-1088	-3448	16	-51	7	-6992	8800	12480	30	12	-4	-16448	1952	-3640	-86	2	37	-15952	2608	-3776	-103	8	-37	121	131	8
-7480	-8336	11540	-3	3	-21	-15864	-2384	-2728	94	7	16	-15760	-880	-3416	9	-46	14	-7000	8872	12248	34	11	-10	-16288	2184	-3496	-37	-8	31	-15680	3328	-3656	-22	17	-3	120	131	8
-7516	-8480	11456	-3	7	-24	-15784	-2288	-3096	47	5	17	-15800	-856	-3496	-19	-26	33	-7000	8864	12432	23	4	-10	-16144	1704	-3360	20	-15	41	-15632	3176	-3808	30	26	43	120	131	8
-7544	-8464	11512	-10	10	-20	-15880	-2288	-3016	-22	-7	10	-15936	-784	-3472	-41	-11	26	-7000	8920	12496	19	4	-13	-16040	1936	-3640	62	-21	56	-15688	3152	-3664	54	25	15	120	131	8
-7476	-8424	11476	-9	5	-21	-15672	-2416	-2744	-70	-6	11	-15832	-712	-3584	-43	-12	24	-6912	8888	12360	21	0	-12	-16400	2240	-3560	19	-18	46	-15560	3056	-3808	10	31	10	120	132	8
-7488	-8456	11492	-7	10	-23	-15608	-2360	-2960	-74	-4	8	-15920	-944	-3152	-48	-15	9	-7008	8816	12512	20	-2	-14	-15976	1784	-3608	-31	-23	37	-15496	2768	-3488	-25	11	9	120	131	8
-7404	-8416	11516	-7	7	-20	-15864	-2544	-2768	16	14	8	-16056	-920	-3600	-41	-30	9	-7096	8920	12496	23	2	-6	-15896	2024	-3536	-11	-8	41	-15624	3344	-3248	20	3	0	120	131	8
-7488	-8392	11508	-16	13	-19	-15888	-2496	-3048	50	19	15	-15672	-992	-3672	-24	-28	23	-7008	8856	12304	25	3	-9	-16328	2176	-3336	8	-11	49	-15720	3552	-3688	60	-1	32	120	131	8
-7532	-8376	11504	-14	13	-18	-15760	-2312	-3272	27	14	16	-15616	-960	-3872	13	-30	29	-6976	8920	12560	23	3	-11	-16352	1992	-3744	58	-16	39	-15592	3320	-3848	75	-7	37	120	132	8
-7528	-8356	11520	-10	12	-17	-15728	-2464	-2976	-2	4	11	-15544	-1008	-3888	48	-14	37	-6832	9032	12408	24	4	-16	-16256	2176	-3944	44	-24	43	-15752	3424	-3920	82	9	27	120	131	8
-7512	-8408	11568	-10	13	-22	-15624	-2376	-3096	-5	-2	11	-15568	-736	-3864	58	-15	48	-7080	8936	12416	26	3	-16	-16344	2128	-3648	44	-34	44	-15600	3344	-4096	55	22	29	121	132	8
-7456	-8376	11456	-4	11	-29	-15720	-2512	-2872	13	-2	16	-15608	-768	-3360	79	-29	53	-7048	8896	12488	33	6	-15	-15976	1768	-3320	37	-46	32	-15432	3072	-3856	38	6	35	120	131	8
-7416	-8456	11528	4	9	-27	-15608	-2440	-2832	26	2	15	-15800	-920	-3752	86	-32	50	-7024	8928	12408	29	6	-13	-15888	1880	-3472	56	-43	43	-15552	3184	-3520	45	-17	44	120	131	8
-7480	-8540	11540	1	5	-24	-15808	-2320	-3096	57	-1	16	-15776	-792	-3616	53	-21	50	-6856	8984	12552	32	-3	-17	-16296	2176	-3736	52	-39	44	-15616	3232	-3408	76	-31	61	120	132	8
-7448	-8416	11488	-4	12	-20	-15920	-2360	-3280	41	-7	13	-15920	-672	-3720	16	-24	58	-6856	9016	12360	41	6	-20	-16536	1984	-3704	11	-46	41	-15592	2968	-3856	98	-14	52	120	132	8
-7528	-8496	11540	-8	14	-14	-15968	-2416	-2984	24	-23	15	-15840	-520	-3928	-3	-5	58	-7032	8976	12432	44	10	-22	-16240	1688	-3928	41	-61	46	-15424	3048	-4000	122	-2	25	120	132	8
-7576	-8352	11544	-12	15	-14	-15848	-2232	-3136	-31	-30	14	-15800	-704	-3552	-21	-10	51	-6920	8728	12416	50	11	-16	-16160	1584	-3920	88	-64	47	-15464	3192	-3864	89	-3	32	120	132	8
-7504	-8344	11400	-14	13	-18	-15648	-2256	-2968	-49	-29	12	-15864	-680	-3528	-17	-14	50	-7152	9008	12496	49	17	-13	-16088	2144	-3072	123	-55	55	-15624	3408	-3304	70	-35	30	120	132	8
-7572	-8292	11456	-10	9	-28	-15296	-2240	-2656	-44	-15	17	-15552	-856	-3408	-22	-55	19	-7024	8936	12456	42	18	-11	-16104	2440	-3032	70	-42	48	-15808	3648	-3208	53	-49	58	120	132	8
-7488	-8440	11472	-4	1	-29	-15576	-2576	-2720	15	-7	24	-15632	-960	-3344	-13	-66	0	-7064	9152	12120	37	5	-16	-16136	2344	-3112	4	-33	33	-15592	3712	-3224	69	-43	72	120	132	8
-7512	-8460	11512	2	4	-25	-15816	-2432	-2896	67	0	21	-15752	-952	-3456	-26	-53	16	-7048	9056	12192	35	4	-20	-16320	2368	-3576	-33	-40	43	-15696	3688	-3656	89	-16	53	119	132	8
-7484	-8388	11592	-3	6	-26	-15856	-2192	-2976	49	-13	23	-15704	-792	-3688	-24	-31	32	-7008	9016	12656	30	-4	-23	-16312	2040	-3576	-3	-42	31	-15568	3536	-4040	67	4	49	119	132	8
-7532	-8404	11500	1	3	-29	-15632	-2064	-2976	-24	-15	20	-15600	-720	-3656	-6	-24	55	-7112	8880	12488	22	-4	-17	-16016	1720	-3536	51	-52	40	-15448	3464	-3640	28	2	41	120	132	8
-7596	-8316	11656	4	1	-36	-15784	-2120	-3176	-30	-19	17	-15736	-824	-3504	53	-26	68	-7112	8960	12248	20	-6	-11	-15832	1888	-3544	69	-35	39	-15504	3256	-3288	-10	-29	36	120	132	8
-7436	-8280	11620	7	1	-37	-15608	-2464	-2528	-26	-7	22	-15856	-912	-3064	94	-41	73	-7160	8928	12360	15	-3	-14	-16032	2224	-2792	18	-27	35	-15776	3536	-2992	-22	-52	50	120	132	8
