#Activity	standing going_down standing 
#ActivityID	8 4 8 
#Date 08-22-17-45
acc_rf_x	acc_rf_y	acc_rf_z	gyro_rf_x	gyro_rf_y	gyro_rf_z	acc_rs_x	acc_rs_y	acc_rs_z	gyro_rs_x	gyro_rs_y	gyro_rs_z	acc_rt_x	acc_rt_y	acc_rt_z	gyro_rt_x	gyro_rt_y	gyro_rt_z	acc_lf_x	acc_lf_y	acc_lf_z	gyro_lf_x	gyro_lf_y	gyro_lf_z	acc_ls_x	acc_ls_y	acc_ls_z	gyro_ls_x	gyro_ls_y	gyro_ls_z	acc_lt_x	acc_lt_y	acc_lt_z	gyro_lt_x	gyro_lt_y	gyro_lt_z	EMG_r	EMG_l	act
-7528	-8500	11420	-16	13	-29	-15712	-2456	-3224	39	-38	-3	-16008	-1352	-3576	11	-69	-1	-7024	7968	12904	16	-4	-17	-16448	1688	-2936	19	-39	22	-16040	3144	-2792	21	-24	-5	120	132	8
-7564	-8532	11368	-17	12	-25	-15600	-2408	-2976	7	-44	-7	-15816	-1272	-3512	32	-60	12	-7176	7920	13048	24	-8	-14	-16288	1752	-2848	-6	-29	16	-16024	3520	-2616	13	-20	-7	121	132	8
-7588	-8480	11388	-14	7	-27	-15472	-2512	-3128	-31	-39	1	-15632	-1240	-3528	31	-63	21	-7056	8032	13160	24	-3	-16	-16184	1480	-2800	-2	-18	17	-15960	3584	-2360	-8	-32	7	121	132	8
-7536	-8512	11372	-11	16	-24	-15776	-2784	-3040	-11	-27	0	-15824	-1008	-3496	41	-65	18	-7224	7808	12904	22	-5	-17	-16304	1816	-2688	1	-21	16	-15744	3384	-2624	-18	-47	17	121	132	8
-7576	-8488	11344	-16	13	-25	-15648	-2768	-3144	51	-19	11	-15920	-984	-3328	47	-54	17	-7168	7888	13040	17	-7	-16	-16208	1528	-3096	26	-10	24	-15896	2912	-2848	2	-64	24	121	133	8
-7476	-8456	11348	-17	17	-25	-15816	-2248	-3168	50	-11	13	-15552	-984	-3312	37	-41	16	-7048	7912	13088	18	-9	-16	-16440	1752	-3168	5	-8	19	-15928	3240	-2568	41	-76	29	120	133	8
-7596	-8572	11412	-18	15	-21	-15744	-2360	-3032	12	-11	10	-15832	-904	-3632	18	-45	13	-7176	8008	13056	21	-6	-18	-16320	1840	-2736	-17	-10	17	-15952	3256	-2584	64	-74	27	121	132	8
-7608	-8504	11352	-13	13	-25	-15688	-2384	-2912	-26	-9	2	-15752	-976	-3488	17	-53	4	-7152	7888	12800	12	-12	-16	-16272	1688	-2896	13	-7	17	-15712	3344	-2536	49	-69	27	120	132	8
-7496	-8504	11452	-4	8	-23	-15560	-2728	-2800	7	6	8	-15640	-1032	-3272	41	-60	6	-7176	7968	12984	5	-7	-17	-16048	1536	-3040	45	-5	19	-15784	3176	-2360	39	-67	25	120	132	8
-7556	-8484	11320	-3	14	-25	-15864	-2704	-2920	86	20	10	-16032	-1384	-3448	70	-62	14	-7168	7848	12752	-2	-14	-21	-16168	1608	-2912	57	-3	25	-15944	3216	-2696	35	-99	27	120	132	8
-7556	-8492	11360	-12	10	-20	-15856	-2496	-3312	94	20	12	-15984	-1184	-3432	96	-43	33	-7080	7920	13232	9	-14	-16	-16608	1744	-2808	8	-4	30	-16120	3352	-2576	19	-112	30	119	132	8
-7544	-8456	11344	-13	11	-15	-15752	-2064	-3264	33	17	15	-15840	-712	-3440	106	-43	50	-7152	7776	12800	20	-1	-17	-16456	1664	-2888	-44	3	15	-16040	3224	-2096	-2	-89	21	120	131	8
-7636	-8432	11316	-9	11	-25	-15400	-2216	-3240	-44	10	14	-15272	-320	-3536	63	-34	60	-7024	7904	12888	20	-3	-15	-16080	1616	-2808	-34	7	17	-15544	3224	-2280	26	-67	9	120	132	8
-7604	-8524	11416	0	8	-26	-15520	-2624	-3144	-18	3	4	-15664	-368	-3616	14	-70	42	-7248	7912	13144	12	4	-12	-16168	1656	-2984	4	2	21	-15520	3360	-2648	58	-48	28	121	132	8
-7568	-8532	11504	-2	7	-24	-15832	-2616	-3424	40	-4	7	-15904	-368	-4000	-27	-101	17	-7080	7792	12936	11	-9	-17	-16392	1624	-3392	19	-8	25	-15488	3048	-3024	65	-37	40	121	133	8
-7564	-8464	11324	-3	3	-26	-15696	-2216	-3408	37	-10	9	-15592	-192	-4192	-87	-99	-7	-7096	7840	12992	7	-16	-16	-16296	1800	-3360	7	-22	29	-15736	3344	-3176	55	-35	15	120	133	8
-7564	-8596	11428	-3	5	-23	-15688	-2128	-3504	-27	-38	-5	-15520	-136	-4144	-140	-108	-22	-7032	7840	12864	2	-8	-14	-16328	1768	-3144	-31	-32	24	-15616	3568	-3200	0	-30	-1	120	133	8
-7652	-8544	11400	-3	5	-33	-15808	-2304	-3776	-91	-65	-10	-15424	-440	-4016	-161	-93	-49	-7272	7792	13144	-2	-13	-16	-16336	1656	-3200	-27	-50	23	-15760	3352	-2840	-62	-63	-6	120	133	8
-7572	-8544	11332	-7	5	-36	-15648	-2488	-3280	-73	-78	-13	-15464	-800	-3728	-152	-88	-62	-7152	7888	13096	-2	-13	-17	-16456	1664	-3208	-25	-55	30	-15736	3112	-2680	-109	-85	25	121	134	8
-7560	-8488	11444	-12	9	-31	-15904	-2336	-2832	-10	-83	-18	-16088	-1216	-3376	-106	-78	-40	-7136	7848	13160	-1	-15	-11	-16352	1456	-3128	-3	-64	28	-15688	2904	-2360	-90	-91	40	120	133	8
-7536	-8536	11488	-11	9	-35	-15800	-2512	-3024	11	-73	-19	-16008	-1776	-3040	-33	-49	20	-7112	7824	12960	-1	-20	-10	-16224	1600	-2816	12	-71	38	-15912	3136	-2328	-42	-99	57	121	132	8
-7580	-8596	11336	-25	12	-36	-15640	-2808	-2688	47	-60	-16	-15816	-2048	-2896	60	-22	48	-6976	7752	12936	3	-12	-7	-16424	1752	-2904	-30	-66	42	-15848	3264	-2056	-21	-69	49	121	132	8
-7580	-8552	11384	-27	16	-31	-15712	-2584	-2872	34	-40	0	-16096	-1968	-2760	149	-27	51	-7112	7752	12824	5	-14	-8	-16520	1848	-2696	-55	-54	36	-16256	3440	-1816	-42	-51	36	121	132	8
-7464	-8584	11288	-15	11	-24	-15688	-2472	-2736	31	-42	1	-15912	-1400	-2752	167	-20	45	-7096	7936	12984	12	-7	-11	-16280	1704	-2384	-46	-40	31	-17000	3784	-1728	-65	-101	75	119	132	8
-7524	-8516	11348	-13	8	-26	-15616	-2432	-2784	2	-21	6	-15768	-1160	-2600	131	-21	55	-7096	7840	13080	18	-6	-9	-16232	1560	-2448	-39	-28	32	-16168	3592	-1960	-52	-102	125	120	132	8
-7584	-8516	11264	-2	9	-34	-15512	-2744	-2576	79	11	-1	-15840	-1248	-2448	129	-22	87	-7144	8080	13120	14	-4	-17	-16376	1768	-3088	28	-3	39	-15360	3216	-2048	26	-104	100	120	133	8
-7544	-8660	11456	-1	9	-26	-15928	-2784	-2680	137	38	4	-16272	-1416	-2552	148	-21	110	-7160	7904	12944	11	-6	-20	-16448	1840	-3080	22	-10	19	-15632	3384	-2528	110	-97	89	120	133	8
-7496	-8540	11416	-16	15	-18	-16000	-2272	-3208	119	49	12	-16256	-1192	-3112	173	16	117	-7120	7896	12872	13	-9	-17	-16232	1304	-3320	29	-28	17	-15552	3448	-2184	160	-50	88	120	133	8
-7568	-8532	11460	-12	16	-18	-15648	-2104	-2992	-18	39	11	-15688	-680	-3560	130	37	89	-7128	7920	13128	12	-3	-15	-16352	1864	-3072	60	-29	25	-15616	3600	-2480	136	1	25	120	134	8
-7604	-8536	11340	-13	13	-15	-15504	-2576	-3184	-66	32	6	-15464	-192	-3512	40	7	61	-6976	7880	12992	15	-7	-16	-16256	2032	-3128	24	-39	28	-15600	3376	-2264	68	14	-29	120	133	8
-7584	-8456	11324	-4	11	-17	-15624	-2600	-3144	4	35	11	-15680	-168	-3680	-41	-30	15	-7112	7912	13032	14	-3	-20	-16344	1880	-3352	-2	-40	22	-15576	3352	-2384	33	15	-23	120	133	8
-7532	-8484	11380	-7	6	-18	-15584	-2464	-3024	56	35	11	-15704	-120	-3872	-108	-58	-11	-7016	7832	12888	13	-9	-17	-16352	1472	-3104	10	-45	23	-15400	3208	-2160	44	28	2	119	133	8
-7556	-8544	11424	-14	16	-19	-15976	-2296	-3480	35	18	13	-15784	-592	-4096	-155	-70	-34	-7216	7752	12928	12	-7	-15	-16256	1536	-3112	22	-65	32	-16000	3248	-2208	52	56	1	119	133	8
-7524	-8480	11480	-14	13	-17	-15824	-2248	-3600	-25	-11	0	-15552	-576	-4368	-140	-54	-50	-7184	7880	13112	20	-12	-17	-16480	1576	-2776	13	-64	41	-15536	3504	-2120	32	83	-42	119	133	8
-7612	-8480	11292	-17	13	-23	-15576	-2296	-3520	-71	-39	-3	-15536	-776	-4256	-96	-51	-50	-7088	7928	13248	18	-7	-12	-16328	1760	-2680	-16	-67	37	-15640	3688	-2056	5	109	-63	120	133	8
-7504	-8456	11428	-10	13	-23	-15704	-2376	-3472	-75	-41	0	-15520	-600	-3960	-72	-50	-41	-6992	7896	12896	22	1	-14	-16264	1936	-2848	-39	-53	37	-15728	3656	-2008	-26	118	-59	120	132	8
-7560	-8444	11404	-11	12	-23	-15832	-2304	-3120	-24	-76	-9	-15640	-856	-3744	-32	-38	-12	-7144	7904	13216	23	0	-23	-16456	2016	-2568	-80	-58	39	-15760	3480	-2184	-42	135	-51	121	132	8
-7588	-8484	11464	-13	10	-25	-15664	-2240	-3368	-19	-89	-13	-15640	-736	-3424	-39	-26	17	-7112	8000	12936	21	-7	-19	-16456	1544	-2664	-69	-63	28	-16000	3568	-2216	-40	138	-50	120	132	8
-7564	-8552	11404	-13	10	-28	-15744	-2280	-3184	-50	-96	-16	-15872	-800	-2992	-69	-17	21	-7128	7992	13032	24	3	-24	-16272	1488	-2736	-10	-68	32	-16120	3728	-2288	-49	140	-49	120	132	8
-7600	-8608	11340	-13	11	-29	-15800	-2552	-2624	-77	-96	-11	-15896	-1168	-2600	-112	-14	-2	-7096	7880	13016	24	4	-21	-16240	2000	-2696	6	-57	37	-16200	3464	-2040	-80	110	-51	120	133	8
-7552	-8484	11412	-7	16	-23	-15784	-2568	-2456	-62	-77	-5	-15968	-1448	-2424	-130	-7	-21	-7080	7928	12888	23	6	-22	-16256	2104	-2440	-24	-41	30	-15968	3360	-2048	-87	64	-31	120	133	8
-7564	-8604	11384	-8	9	-19	-15696	-2568	-2408	-48	-46	7	-16112	-1720	-2168	-126	2	-20	-7000	7944	13248	19	-1	-17	-16312	1544	-2416	-19	-29	33	-16016	3224	-2168	-50	26	8	120	132	8
-7616	-8552	11492	-14	17	-20	-15968	-2600	-2336	-25	-8	9	-16312	-2016	-2192	-82	18	2	-7040	7888	13000	20	-3	-19	-16312	1592	-2568	0	-22	46	-15952	3016	-2496	29	11	39	120	132	8
-7528	-8512	11352	-14	14	-15	-15560	-2560	-2328	-20	27	16	-15952	-1920	-2480	-31	34	31	-7160	7832	13056	27	5	-18	-16408	1904	-2616	-18	-15	44	-16040	2856	-2232	89	16	48	120	132	8
-7592	-8516	11580	-5	11	-16	-15576	-2496	-2728	10	52	20	-15824	-1800	-2936	48	28	80	-7104	7952	12800	31	8	-18	-16392	1744	-2680	-34	-14	40	-15952	3352	-2632	129	17	46	120	132	8
-7596	-8500	11472	-4	10	-19	-15768	-2576	-2952	65	70	25	-15992	-1632	-3064	120	18	114	-7064	7952	12928	35	2	-15	-16328	1560	-2800	6	-16	43	-15840	3632	-2672	147	3	58	120	132	8
-7572	-8552	11376	1	9	-16	-15680	-2568	-3088	74	85	36	-15960	-1296	-3264	164	23	130	-7016	7824	12968	26	5	-19	-16200	1504	-2712	75	-15	53	-15664	3528	-2584	131	-1	60	120	132	8
-7568	-8568	11384	0	11	-14	-15760	-2192	-3144	83	81	28	-15712	-640	-3304	190	27	131	-7120	7872	13096	30	2	-17	-16280	1984	-2440	104	-10	57	-15760	3640	-2176	109	-7	43	120	132	8
-7572	-8472	11432	-4	8	-12	-15720	-1792	-3168	40	77	21	-15856	-152	-3432	171	31	119	-7176	7864	13000	31	3	-18	-16376	2408	-2512	23	-7	43	-15904	4032	-2520	73	-14	37	120	132	8
-7612	-8496	11400	-3	8	-19	-15640	-2032	-3480	16	65	17	-15592	-48	-3776	137	23	100	-7224	7960	12800	23	-1	-20	-16320	2208	-2712	-49	-6	26	-15712	4144	-2568	37	-5	26	120	132	8
-7620	-8428	11380	-1	10	-17	-15792	-2360	-3400	61	54	6	-15760	112	-3832	118	19	81	-7008	7912	12920	13	-3	-18	-16200	1880	-2496	-39	-1	25	-15808	4056	-2168	-14	-5	8	120	133	8
-7576	-8472	11540	1	12	-21	-15656	-2152	-3472	66	48	5	-15704	8	-3984	79	10	56	-7136	7800	12808	13	-1	-21	-16312	1952	-2856	32	-1	21	-15840	3704	-2272	-10	53	26	120	133	8
-7560	-8540	11384	-2	9	-23	-15816	-2032	-3424	24	35	-1	-15856	-304	-3664	44	8	31	-7056	7896	12872	7	-9	-18	-16320	2008	-2672	82	-4	15	-15552	3880	-2376	-32	-24	-5	120	133	8
-7564	-8448	11424	-6	10	-27	-15880	-2000	-3160	-9	18	-8	-15856	-432	-3640	11	-7	12	-7168	7872	13048	4	-6	-20	-16328	1944	-2336	69	6	12	-15808	3704	-2184	46	15	20	121	132	8
-7528	-8464	11484	-10	14	-26	-15800	-2112	-3136	-18	13	-13	-16032	-648	-3688	14	-19	7	-7152	7728	12904	11	-14	-19	-16384	2000	-2424	14	18	16	-16112	3712	-2376	3	-61	-3	120	132	8
-7456	-8464	11384	-15	16	-26	-15632	-2592	-3072	36	19	-14	-15904	-760	-3728	18	-18	6	-7088	7992	12920	8	-10	-11	-16360	2168	-2432	-49	24	12	-15896	3664	-2216	-49	-60	14	120	132	8
-7596	-8552	11340	-14	13	-27	-15688	-2448	-3616	66	10	-9	-15736	-904	-3680	32	-15	8	-7232	8008	12984	8	-4	-20	-16272	1864	-2632	-81	29	-2	-15664	3392	-2304	-24	-46	34	120	132	8
-7548	-8516	11340	-11	10	-21	-15680	-2184	-3376	33	2	-8	-15800	-832	-3440	34	-21	2	-6952	7968	13328	6	-11	-17	-16048	1592	-2912	-24	24	5	-15552	3224	-2440	16	-14	26	120	132	8
-7592	-8560	11392	-18	17	-19	-15824	-2048	-3144	-40	-14	-10	-15928	-624	-3784	22	-22	6	-7128	7984	13144	6	-8	-19	-16512	1616	-2976	49	21	6	-15680	3448	-2480	28	35	-6	120	132	8
-7500	-8492	11408	-16	13	-26	-15800	-2160	-3192	-61	-19	-19	-15560	-784	-3440	-20	-22	10	-7088	7736	13016	10	-2	-21	-16576	1976	-2896	71	2	14	-15728	3672	-2616	22	22	-34	120	133	8
-7596	-8496	11448	-19	15	-25	-15640	-2832	-3240	-1	-21	-13	-15784	-768	-3744	-47	-35	12	-7184	7896	12896	14	-5	-16	-16272	1912	-2488	12	11	8	-15896	3320	-2424	13	20	-17	120	132	8
-7556	-8568	11500	-23	17	-19	-15888	-2320	-3072	42	-14	-11	-16064	-864	-3696	-51	-42	-1	-7096	7872	12904	15	0	-20	-16232	1784	-2640	-15	13	14	-15736	3360	-2472	-33	-3	-28	120	132	8
-7584	-8484	11364	-20	16	-20	-15904	-1984	-3176	-20	-27	-12	-15968	-672	-3464	-41	-37	-11	-6984	7920	13200	20	-4	-19	-16592	2008	-2824	-26	9	18	-15648	3696	-2552	-38	13	-19	120	132	8
-7612	-8428	11388	-19	15	-22	-15600	-2280	-2968	-84	-34	-14	-15600	-696	-3520	-72	-34	-26	-7224	7920	13160	18	8	-24	-16560	1984	-3160	-26	8	19	-15784	3752	-2400	-19	40	-16	121	133	8
-7612	-8496	11416	-16	12	-23	-15760	-2464	-3224	-67	-32	-16	-15760	-640	-3344	-103	-27	-29	-7032	7784	13024	14	4	-23	-16208	1728	-2624	22	0	10	-16008	3744	-2376	-31	40	-35	121	133	8
-7588	-8444	11416	-11	13	-22	-15744	-2392	-2944	-34	-24	-13	-15824	-888	-3056	-131	-39	-36	-7176	7888	12848	11	-5	-19	-16184	1920	-2792	38	8	13	-15680	3312	-2248	-56	40	-46	120	133	8
-7500	-8496	11460	-10	15	-24	-15640	-2496	-2984	-7	-19	-14	-15648	-1112	-3360	-140	-46	-39	-6976	8072	12952	13	-3	-20	-16144	1856	-2488	35	7	15	-15896	3280	-2344	-49	30	-38	121	133	8
-7576	-8572	11468	-16	12	-28	-15968	-2368	-2944	5	-17	-11	-15928	-1152	-3360	-122	-47	-34	-7120	7768	12848	13	-6	-22	-16384	1872	-2768	-5	24	10	-15880	3424	-2264	-7	22	-18	121	132	8
-7612	-8552	11464	-15	16	-20	-15848	-2296	-3288	-31	-21	-9	-15928	-1128	-3416	-72	-40	-27	-7080	8016	13304	11	-1	-12	-16296	1784	-2672	-8	22	7	-15944	3648	-2736	11	11	-11	120	132	8
-7576	-8488	11424	-19	15	-20	-15776	-2296	-3208	-68	-22	-12	-15656	-1160	-3536	-32	-25	-4	-7144	7808	12976	14	-2	-22	-16288	1776	-2752	-10	25	9	-15576	3720	-2480	-30	9	-15	120	132	8
-7548	-8500	11440	-23	15	-20	-15864	-2488	-3016	-31	-24	-12	-15736	-1112	-3304	5	-14	21	-7064	7832	13032	17	-4	-15	-16488	1904	-2792	-30	21	14	-15800	3504	-2560	-63	12	-30	121	132	8
-7620	-8508	11376	-24	14	-21	-15864	-2264	-2472	1	-12	-4	-15776	-1088	-3104	20	-13	25	-7128	7872	13152	19	-3	-16	-16448	2008	-3040	-51	25	1	-15936	3488	-2496	-79	18	-23	121	133	8
-7624	-8452	11372	-34	14	-27	-15552	-2144	-2864	-2	-11	-11	-15648	-776	-3264	18	-21	23	-7096	7752	12944	21	-4	-19	-16240	1624	-2920	-39	20	0	-15912	3480	-2672	-70	-11	10	122	133	8
-7580	-8496	11312	-30	13	-28	-15712	-2176	-2872	19	-8	-12	-15680	-808	-3408	1	-30	22	-7088	7960	13096	14	-3	-19	-16136	1808	-2776	-3	24	9	-15976	3544	-2392	-66	-49	24	121	133	8
-7596	-8456	11328	-24	10	-29	-15616	-2280	-2800	24	4	-15	-15736	-784	-3096	-14	-34	18	-7128	7920	13048	15	0	-20	-16480	1952	-2624	-1	32	6	-16112	3592	-2704	-68	-57	25	120	133	8
-7616	-8496	11320	-17	9	-32	-15784	-2432	-3264	39	8	-12	-15776	-944	-3288	-3	-30	-3	-7016	7968	12928	14	1	-13	-16160	1896	-2864	-23	41	0	-16496	3992	-2000	-101	-128	62	121	133	8
-7416	-8480	11372	-14	10	-31	-15776	-2688	-2944	53	-4	-11	-15688	-1048	-3624	5	-22	-7	-6992	7856	13000	18	-16	-15	-16312	1904	-3000	-28	44	-1	-16088	3880	-2224	-123	-129	86	124	132	8
-7532	-8484	11360	-5	12	-28	-15704	-1920	-3032	44	-7	-17	-15792	-856	-3448	11	-11	2	-7160	7824	13072	19	-2	-16	-16440	1792	-2792	-6	58	3	-16600	3920	-1624	-163	-166	123	121	133	8
-7580	-8420	11460	-10	15	-32	-15696	-2088	-3408	-29	-12	-23	-15624	-816	-3448	16	-11	21	-6984	7952	13192	17	3	-19	-16576	1728	-2616	6	66	-5	-15864	3744	-2632	-210	-135	197	121	133	8
-7580	-8508	11396	-15	11	-36	-15544	-2704	-2960	7	-19	-21	-15784	-992	-3456	12	-24	43	-7104	7840	13128	18	-2	-22	-16312	2160	-3192	-27	55	-5	-15040	3192	-2216	-161	-91	160	123	133	8
-7612	-8572	11304	-7	13	-32	-15688	-2800	-2720	93	-5	-18	-15952	-952	-3192	40	-21	36	-7192	7752	13096	14	6	-25	-16336	2008	-3088	-39	56	-1	-16048	3632	-2824	-109	-51	126	123	133	8
-7520	-8488	11388	-1	11	-29	-15832	-2104	-2952	61	-1	-10	-15760	-1032	-3296	51	-19	16	-7112	7856	13144	16	3	-19	-16352	1512	-3288	-19	27	-8	-16080	3384	-2920	-117	-26	163	121	132	8
-7592	-8512	11412	-5	10	-24	-15792	-2168	-3064	-40	-14	-17	-15808	-768	-3400	4	-14	19	-7008	7936	12680	20	2	-19	-16400	1696	-3248	41	19	-3	-15032	3184	-2384	-103	-64	128	122	132	8
-7592	-8524	11552	-3	12	-25	-15840	-2424	-3048	-70	-12	-26	-15904	-672	-3248	-3	-13	28	-7160	7880	12944	23	-2	-20	-16136	1784	-3456	55	14	5	-15904	3608	-2272	-49	-66	114	122	132	8
-7544	-8552	11444	-6	15	-24	-15752	-2536	-2800	0	-4	-12	-15792	-1008	-3392	-30	3	12	-7216	8016	12968	13	-3	-21	-16048	1856	-3072	59	4	5	-15752	3568	-2376	-14	-76	148	122	133	8
-7612	-8512	11420	-9	12	-29	-15648	-2384	-2752	55	9	-15	-15760	-992	-3416	-9	-3	5	-7120	8160	12864	17	-10	-19	-16488	1800	-2896	35	0	3	-15368	3680	-2096	2	-111	120	123	133	8
-7540	-8452	11400	-9	13	-27	-15696	-2208	-3096	28	8	-16	-15776	-1136	-3416	7	-6	13	-7272	7824	12856	15	-8	-19	-16272	1672	-2952	30	-5	5	-15680	3832	-2504	49	-67	80	122	133	8
-7548	-8576	11320	-8	5	-29	-15800	-2432	-3056	-12	3	-17	-15920	-1016	-3104	16	0	18	-7120	7864	12872	17	-6	-20	-16504	1856	-3304	35	-15	12	-15568	3800	-2232	61	-46	44	122	133	8
-7652	-8496	11328	-6	11	-25	-15760	-2496	-3072	1	8	-17	-15936	-1056	-3424	18	10	21	-7080	7944	13040	14	-1	-24	-16216	1560	-3192	33	-24	9	-15680	3832	-2032	66	-30	10	121	133	8
-7568	-8512	11400	-8	14	-24	-15696	-2344	-2920	16	9	-8	-15840	-1104	-3528	44	4	25	-7128	7848	12816	17	-4	-22	-16256	1688	-3320	48	-34	13	-16176	4112	-2016	83	-13	10	120	134	8
-7620	-8592	11364	-10	12	-25	-15576	-2504	-2920	32	12	-14	-15840	-1128	-3216	63	6	31	-7032	7800	13024	17	-4	-20	-16352	1624	-3264	57	-34	19	-15520	3848	-2280	67	-20	28	120	133	8
-7560	-8444	11348	-15	17	-17	-15712	-2176	-2888	26	17	-15	-15824	-880	-3232	77	8	43	-7048	7864	13000	17	4	-20	-16304	1776	-3112	54	-40	16	-15584	3824	-1880	93	-7	-2	121	133	8
-7528	-8516	11328	-8	16	-23	-15672	-2496	-2832	19	21	-15	-15792	-880	-3344	84	16	40	-7080	7896	12864	22	1	-20	-16232	1848	-3048	32	-45	12	-15600	3848	-1888	141	12	-23	122	133	8
-7580	-8548	11328	-10	14	-25	-15616	-2456	-3016	48	22	-12	-15776	-848	-3312	70	24	27	-7040	7824	13176	13	2	-18	-16080	1760	-3000	25	-39	9	-16128	4072	-2128	161	25	-9	121	133	8
-7632	-8572	11440	-11	12	-23	-15744	-2256	-2896	35	22	-13	-15696	-784	-3376	50	11	19	-7120	7952	13176	16	-6	-22	-16352	1584	-2856	55	-34	18	-15552	4008	-2144	123	16	-13	121	133	8
-7524	-8504	11344	-10	16	-21	-15656	-2208	-3240	7	12	-15	-15976	-832	-3664	12	12	10	-7152	7944	12856	15	-3	-19	-16344	1936	-2864	47	-34	12	-15384	3800	-2096	97	29	-42	121	133	8
-7556	-8396	11376	-11	9	-27	-15704	-2344	-3200	-13	8	-20	-15720	-792	-3320	-14	5	7	-7128	7960	12864	18	-6	-21	-16168	1800	-2848	25	-28	3	-15504	3744	-1992	119	36	-70	120	133	8
-7560	-8556	11472	-5	11	-21	-15696	-2344	-3128	-6	6	-19	-15640	-864	-3512	-18	0	14	-7144	7784	13152	16	1	-19	-16160	1680	-2936	-8	-34	6	-15840	3640	-2056	138	53	-67	121	133	8
-7588	-8524	11396	-10	13	-20	-15920	-2592	-3120	21	3	-20	-15888	-880	-3528	-5	-3	11	-7080	7752	12984	20	0	-23	-16112	1624	-3040	-7	-35	10	-16224	3784	-2480	133	36	-50	120	133	8
-7612	-8532	11368	-9	16	-21	-15896	-2424	-3176	17	0	-13	-15864	-1032	-3632	14	-1	14	-7096	7984	13200	24	2	-20	-16336	1616	-3040	50	-42	12	-15600	3720	-2176	102	38	-47	121	133	8
-7560	-8576	11412	-14	15	-18	-15664	-2184	-2976	-13	-8	-18	-15704	-904	-3472	10	-1	8	-7040	7824	13160	20	3	-25	-16408	1680	-3016	47	-39	16	-15440	3800	-2184	87	51	-60	121	133	8
-7532	-8440	11348	-11	11	-21	-15776	-2304	-2856	-33	-11	-19	-15744	-808	-3488	-18	-5	9	-7088	7896	13008	19	-3	-19	-16328	2000	-2856	2	-46	14	-15448	3576	-2128	92	58	-79	120	133	8
-7500	-8448	11356	-13	14	-26	-15688	-2544	-2952	-34	-11	-22	-15648	-664	-3384	-47	-8	13	-7200	7808	12968	23	1	-21	-16424	1648	-3152	-2	-46	14	-15072	3032	-2168	122	74	-113	120	133	8
-7600	-8496	11404	-15	13	-21	-15824	-2648	-3192	5	-13	-18	-15712	-776	-3544	-66	-10	4	-7200	7984	12992	22	1	-25	-16176	1584	-2584	11	-59	23	-15080	2864	-2408	191	105	-194	120	132	8
-7584	-8496	11384	-16	14	-22	-15744	-2424	-3216	7	-12	-18	-15800	-944	-3624	-52	-11	-12	-7064	7840	12880	22	0	-21	-16216	1664	-2824	5	-62	27	-15976	3240	-1984	291	129	-243	119	132	8
-7576	-8504	11396	-11	14	-24	-15696	-2264	-2984	-28	-19	-19	-15720	-1128	-3584	-52	-9	-13	-7080	7888	13088	19	-1	-16	-16208	1568	-2672	27	-56	29	-17616	4224	-1984	263	85	-173	120	132	8
-7592	-8492	11388	-15	13	-20	-15856	-2384	-3056	-47	-23	-25	-15896	-832	-3120	-47	-5	0	-7032	7704	13224	19	-3	-18	-16440	1592	-2400	48	-43	33	-17176	4880	-2760	88	10	20	120	132	8
-7604	-8520	11292	-15	18	-21	-15744	-2328	-3048	-41	-18	-24	-15832	-968	-3312	-38	-3	4	-7040	7824	12984	25	1	-18	-16504	1888	-2560	53	-24	36	-15400	4080	-1224	-17	-12	36	120	132	8
-7516	-8528	11372	-14	16	-24	-15760	-2552	-2872	-1	-4	-21	-15872	-1208	-3088	-20	-3	-1	-7080	7928	13000	20	1	-16	-16128	2232	-2384	11	3	17	-15672	4320	-1680	-77	11	-1	119	132	8
-7608	-8600	11428	-13	21	-28	-15616	-2536	-2640	39	5	-16	-15968	-1032	-3152	-3	-11	-3	-7120	7864	13064	14	-9	-18	-16128	2072	-2656	-62	17	3	-15696	4064	-1856	-53	39	-14	120	131	8
-7604	-8536	11320	-18	14	-23	-15768	-2464	-3072	41	8	-23	-15856	-1184	-3208	-5	2	6	-7056	7896	13112	12	-3	-22	-16600	1760	-2776	-73	15	8	-15704	3672	-2144	-15	56	-58	119	131	8
-7576	-8488	11412	-15	11	-19	-15896	-2272	-3008	-13	9	-14	-15768	-944	-3656	-13	14	10	-7120	8024	13000	13	-1	-22	-16480	1792	-2752	-35	18	4	-15744	3352	-2480	6	77	-89	120	131	8
-7564	-8476	11480	-16	15	-18	-15552	-2368	-2912	-31	6	-23	-15808	-824	-3488	-22	16	10	-7104	7984	12800	15	1	-19	-16208	1816	-3048	10	8	3	-15544	3040	-2608	34	97	-101	119	130	8
-7564	-8464	11384	-16	16	-22	-15696	-2472	-3032	-20	9	-27	-15776	-824	-3432	-15	14	8	-7176	7968	12984	17	-4	-20	-16088	1880	-3040	25	0	2	-15520	3176	-2872	75	109	-111	119	129	8
-7544	-8552	11316	-14	17	-25	-15824	-2440	-3200	11	8	-23	-15768	-792	-3560	-12	13	-3	-7120	7744	13136	13	-2	-21	-16416	1840	-2896	16	1	1	-15856	3160	-2344	90	117	-92	119	129	8
-7568	-8504	11424	-13	14	-21	-15584	-2392	-3072	9	9	-18	-15712	-784	-3304	-16	3	-15	-7112	7928	12952	13	-2	-25	-16368	1688	-2984	15	0	-2	-16080	3352	-2352	94	111	-67	118	129	8
-7616	-8496	11404	-12	16	-22	-15768	-2240	-3184	-23	3	-22	-15680	-784	-3576	-31	-6	-11	-7152	7824	13080	19	2	-23	-16392	1640	-2824	13	1	1	-16016	3712	-2464	90	113	-51	118	128	8
-7588	-8608	11404	-11	15	-27	-15664	-2536	-3120	-20	-2	-26	-15720	-824	-3560	-55	5	-8	-7120	7992	12800	13	4	-23	-16352	1784	-2944	13	0	0	-15912	3688	-2552	79	111	-52	118	128	8
-7592	-8536	11420	-14	12	-26	-15824	-2712	-2992	-13	0	-26	-15824	-1112	-3584	-53	4	-8	-7248	7744	13032	15	5	-21	-16240	1576	-2664	6	-1	-3	-15816	3472	-2816	30	99	-57	117	127	8
-7600	-8648	11320	-14	15	-20	-15904	-2504	-3048	9	5	-21	-16048	-1296	-3576	-28	-1	-6	-7136	7888	13120	12	-5	-21	-15944	1496	-2856	26	6	12	-16192	3536	-2688	-24	26	-46	115	127	8
-7556	-8568	11344	-12	18	-22	-15776	-2520	-2920	-12	6	-22	-15976	-1328	-3808	-8	-25	9	-7168	7800	13232	4	-11	-20	-16232	1792	-2848	31	11	18	-17024	3872	-2472	-121	-145	24	116	125	8
-7636	-8532	11260	-6	8	-20	-15344	-2816	-2632	-36	13	-16	-18112	-2536	-4520	-203	-550	51	-7128	7800	13208	18	-4	-12	-16320	1664	-2768	4	15	11	-15296	3232	-2496	-152	-98	69	117	130	8
-7576	-8668	11680	-28	25	-9	-16320	-2320	-2168	70	23	-50	-18216	-624	-3960	-305	-889	43	-7152	8200	13184	27	-6	-15	-16072	1992	-2776	38	42	25	-15480	2808	-2048	-100	-84	5	117	121	8
-7584	-8512	11288	-49	33	-13	-16128	-2544	-3360	15	-9	-42	-14560	48	-1304	-28	-521	-51	-7184	7872	12632	20	-4	-19	-16072	1064	-3256	71	36	20	-15568	2152	-2552	-27	-46	13	119	133	8
-7632	-8668	11436	-53	51	-24	-15240	-2496	-1960	-16	-1	-30	-16456	-2000	-1736	-66	-701	-88	-7256	7720	13320	42	-19	-18	-16248	1104	-1104	525	80	163	-15928	2648	-2448	130	-94	-3	117	128	8
-7936	-8536	11752	-108	84	-27	-15928	-2664	-96	-90	22	-44	-17176	-2336	-1608	-89	-712	-98	-7232	7888	13144	112	-36	-1	-15912	2656	-1128	847	215	256	-16784	4744	-1336	170	-224	33	122	135	8
-7724	-8472	11188	-106	36	-52	-15232	-2832	-3320	-44	102	-50	-12688	-1568	-1504	-45	-567	-132	-7200	7944	12928	131	-31	23	-15552	3016	-3232	261	261	57	-18840	6456	-560	-72	-432	270	117	125	4
-8232	-8448	11248	-124	-18	-97	-14328	-3112	-2432	-41	235	-51	-16840	-2008	-1264	-171	-330	-267	-7264	8016	13000	119	-29	14	-16728	1808	-1368	111	310	-23	-15456	4704	-264	-210	-247	283	115	125	4
-8328	-8788	11756	-194	-42	-173	-14936	-3536	-2736	122	368	33	-13728	-1136	440	471	-311	-347	-7200	7680	13096	169	-28	23	-15752	1240	-2904	265	386	1	-14808	3392	504	-165	-218	153	117	128	4
-7556	-8836	10928	-153	-88	-195	-15272	-2384	-3064	377	482	72	-13880	-1128	648	524	-346	-362	-7112	7984	13184	197	-19	44	-15704	2384	-2672	494	473	-42	-15320	4312	1296	-38	-400	128	117	124	4
-7160	-8948	11304	-111	-108	-143	-15952	-1648	-3728	284	495	31	-15528	-272	-1872	352	-238	-368	-5928	8816	12496	105	-16	25	-16440	3808	-1000	412	534	-145	-15368	4736	600	224	-531	108	118	124	4
-7688	-8644	11372	-131	-101	-132	-16200	-1616	-4104	-5	483	-9	-15336	888	-2032	73	-265	-196	-7120	8096	12584	30	-22	-37	-16048	3312	-3448	-60	508	-176	-15176	4680	344	566	-513	51	121	116	4
-7384	-8628	11212	-108	-84	-129	-15704	-1496	-4792	-144	402	-22	-15664	592	-3128	-225	-198	-136	-7016	7824	12816	17	-16	-40	-16104	1472	-3448	20	584	-255	-14944	3920	856	698	-522	-60	110	116	4
-7304	-8536	11144	-90	-80	-114	-15480	-1960	-5400	-136	321	-61	-15544	168	-3264	-422	-83	-127	-7056	8000	13080	7	-5	-46	-16544	1760	-2720	221	622	-264	-15640	4144	2768	827	-644	-74	110	111	4
-7208	-8420	11200	-77	-72	-114	-15352	-1576	-4744	-106	263	-99	-15448	128	-3152	-421	0	-122	-6648	8152	13120	15	30	-71	-17008	2336	-1360	378	768	-319	-16376	4984	5616	807	-932	-4	121	125	4
-7048	-8008	11340	-68	-51	-112	-15408	-832	-4728	-110	201	-130	-15520	120	-1888	-382	39	-88	-6728	8280	13248	53	70	-111	-17056	3080	1344	494	1019	-436	-16368	7624	11376	763	-1376	177	118	120	4
-7256	-8840	10892	-44	-37	-118	-15272	-1520	-4128	-224	165	-164	-15472	-1464	-1848	-385	116	-74	-6048	8272	12952	124	139	-164	-16640	1520	3288	602	1410	-509	-15456	9440	16248	898	-1814	421	113	129	4
-6948	-9156	10816	44	-36	-106	-14984	-3048	-3656	-119	175	-202	-15488	-2776	-2120	-181	167	-61	-6680	9408	14560	335	236	-344	-18440	1200	-1288	286	1787	-451	-13880	9264	11544	1202	-1541	369	120	127	4
-6876	-9064	10784	149	-33	-82	-14808	-3296	-3576	226	198	-216	-15288	-2088	-2048	157	147	-64	-6632	6424	18192	798	579	-457	-23408	-2216	-4392	287	2025	-558	-16200	5976	5656	1487	-1518	-21	95	127	4
-7352	-8752	11268	224	-33	-53	-15088	-2752	-4616	422	202	-228	-16072	-816	-2088	376	82	-21	-6360	10440	18512	592	1847	-899	-31856	-824	-304	454	2163	-753	-24104	4672	9584	-90	-2296	-96	123	126	4
-7612	-8816	11940	125	-21	-73	-15936	-2488	-4800	281	199	-240	-16840	-1664	-1480	267	19	-46	-5816	12736	18240	492	2679	-1444	-26288	-2616	-2672	347	2119	-499	-30072	4008	8104	-987	-2534	308	115	121	4
-7168	-9232	11464	32	-44	-98	-16192	-3312	-3720	-12	218	-199	-16256	-3296	-1416	143	25	-120	-7592	16240	18376	613	3083	-1986	-22520	-48	-5552	813	2423	-522	-26216	1584	3104	-974	-2234	523	112	124	4
-7180	-9248	11432	35	-49	-95	-15184	-4544	-3496	-42	234	-186	-15896	-4480	-440	133	30	-156	-10080	13024	15400	409	2771	-2102	-17776	-208	-10192	600	2260	-511	-20088	-280	-2280	-575	-1904	303	113	128	4
-6748	-9096	11416	96	-50	-24	-15232	-4088	-3696	182	275	-144	-15840	-3600	288	239	33	-124	-5728	11464	15288	82	2224	-1891	-12448	-16	-12024	205	1785	-478	-15976	-56	-5392	-175	-1733	118	118	126	4
-6688	-8936	11568	82	-11	3	-15728	-3376	-3744	171	308	-92	-16008	-3320	640	105	9	-117	-1216	20584	18832	-333	1274	-387	-12680	-3192	-7632	25	947	-461	-15600	336	-5536	297	-1374	269	117	123	4
-6936	-8832	11596	58	43	19	-15376	-4448	-4064	-14	348	-46	-15880	-4448	336	-146	17	-100	7336	5168	11936	-412	592	-37	-10880	136	376	579	81	-194	-16400	1560	-3712	424	-1096	543	115	125	4
-7052	-9248	11072	76	66	43	-15048	-4488	-3560	-81	417	19	-15072	-5480	1360	-356	29	-122	5456	8232	12256	-240	-241	74	-6792	-312	-2176	-220	-577	-92	-15672	2352	-3056	257	-1150	654	115	115	4
-6988	-9004	11164	131	85	78	-14792	-3416	-3032	-206	506	77	-15368	-4680	1800	-411	28	-155	7240	4984	8192	-454	-899	39	-7176	-1192	-224	-197	-1158	-40	-11368	3272	-3424	46	-1048	440	117	127	4
-7184	-8772	11520	185	76	128	-14904	-3232	-3224	-401	589	78	-15336	-3480	2480	-469	-1	-152	6080	6104	6648	-594	-1067	-4	-6672	-776	-1072	-218	-1827	88	-8384	3056	-3304	51	-669	114	117	130	4
-7288	-8540	11560	172	54	140	-14448	-2568	-2752	-460	734	87	-14800	-3000	3632	-556	-97	-187	4344	5872	5712	-583	-992	213	-6256	-1352	-2424	-235	-2338	122	-7288	2400	-3024	-91	-406	-104	114	127	4
-7232	-8896	11384	163	35	140	-14112	-3536	-2216	-388	934	117	-14168	-3872	3696	-573	-81	-192	2152	6104	4936	-298	-762	486	-7176	-1120	-3264	-194	-2774	131	-7216	1200	-3576	-414	-211	-186	115	122	4
-7240	-8416	11468	166	31	135	-13696	-4080	-2496	40	1154	127	-13944	-4680	4624	-418	-260	-153	-944	6600	4408	-167	-443	644	-7880	-528	-4696	-365	-3183	235	-6992	-648	-3656	-732	19	-234	117	126	4
-7204	-8424	11596	161	34	134	-13816	-3536	-2688	301	1387	151	-13192	-3064	4072	-191	-355	-147	-4688	6480	4576	-63	-18	747	-8320	216	-6784	-605	-3522	310	-7120	-1312	-2888	-1075	174	-239	114	126	4
-7144	-8172	11708	169	50	177	-14584	-1400	-4304	343	1586	91	-13680	-1464	2696	-152	-454	-157	-10152	6568	4496	88	389	968	-8504	688	-6744	-794	-3556	311	-7672	-1224	-2296	-1131	263	-189	117	129	4
-7392	-7956	11956	100	108	185	-14448	-216	-5408	-35	1695	23	-13776	-688	648	-272	-378	-184	-15456	6224	4488	164	654	1232	-8984	704	-8904	-1170	-3344	293	-9280	-264	784	-1015	118	-52	114	119	4
-7544	-7288	12104	28	191	122	-13160	-2264	-6448	-274	1755	13	-12736	-3744	1248	-540	-306	-203	-19200	3848	4736	321	775	1301	-11016	120	-9944	-1249	-3080	238	-9800	352	1912	-1160	181	120	118	136	4
-7532	-8564	11548	5	247	101	-12280	-5432	-5432	31	1799	44	-11752	-5384	264	-347	-35	-233	-21320	888	4928	850	744	1054	-14352	-1168	-10816	-1003	-2794	233	-10088	704	2304	-789	866	-20	120	120	4
-7596	-8844	11296	76	201	192	-11712	-3992	-7032	544	1839	18	-13472	-2976	-2712	-34	-124	-243	-24176	2320	5784	1360	557	610	-17208	-2072	-10480	-247	-2489	331	-12504	936	4688	-266	1495	-468	118	124	4
-7664	-8468	11228	196	115	271	-10960	-768	-10976	419	1797	-20	-14272	2200	-5376	455	-125	-282	-27760	4752	5712	1285	165	368	-17008	-1160	-10216	658	-2069	396	-16376	1424	9656	-13	1687	-851	116	134	4
-8012	-6976	12068	216	56	257	-10776	1368	-13344	-36	1623	-152	-14208	1184	-3440	-30	166	-113	-27680	2528	5720	1145	-341	306	-17816	-168	-7440	1359	-1460	595	-18704	3144	13312	268	1422	-851	121	127	4
-7388	-7896	12352	30	153	173	-13648	-2424	-10984	-417	1488	-171	-15152	-4424	232	-486	342	183	-26016	1112	5624	1235	-819	130	-19688	1496	-8680	1561	-802	608	-19808	5576	12768	1067	1200	-479	119	127	4
-7640	-7988	12192	0	169	178	-13264	-5328	-9728	-262	1607	-187	-14520	-6576	2952	-89	235	367	-23496	1416	2200	1096	-932	-250	-18424	2400	-3008	1744	-173	330	-20056	4808	10480	1588	1091	110	132	135	4
-7092	-10708	12980	-69	528	640	-16632	-5720	-7080	-454	1907	-125	-14096	-9264	4696	170	150	265	-18416	-1400	-3168	870	-248	-1057	-15984	1880	-880	1150	401	240	-19848	5576	11184	1915	873	372	115	128	4
-8000	-11320	15224	-78	977	1009	-18872	-2976	-9632	-809	2236	-98	-15112	-6656	6408	416	-8	53	-19232	1752	-3120	971	978	-1699	-14888	-8	-3568	481	1027	207	-19256	4912	11440	1921	727	251	120	123	4
-8212	-9968	15368	71	1585	1454	-19416	-1888	-12952	-1299	2489	-31	-17880	-3248	7984	414	-183	-46	-19112	6280	-1400	957	1808	-1356	-14496	-216	-4504	451	1651	132	-18008	3168	11056	1529	457	45	123	138	4
-7468	-10052	16628	233	2359	1836	-21712	680	-10968	-1700	2735	-73	-18000	-2216	12160	286	-651	73	25904	-32768	16592	-2604	-2377	2426	-21432	7592	16880	1544	1999	159	-17152	10736	12400	2541	-315	21	107	131	4
-7872	-12428	20012	331	3621	2409	-31200	-360	-10384	-1773	3273	-25	-18720	-8272	18360	386	-1626	229	-472	10488	7040	-1430	-2097	1777	-23424	9536	4896	-373	2104	-173	-14392	10184	-872	2436	2301	-288	119	128	4
-8016	-20892	22984	672	5064	3601	-32768	-3208	-8192	-1587	3708	115	-26192	-11368	17888	744	-2581	150	-8056	10160	15528	-872	-1980	1223	-17240	-136	6120	-962	1881	191	-21320	4320	3936	94	1035	-199	133	122	4
-13188	-25396	24200	1108	5402	5614	-32768	-8576	-3280	-2927	3266	152	-32768	-6352	10064	523	-2783	-158	-7528	14672	14888	-1010	-1654	869	-24000	5152	2392	-829	2457	-65	-21312	6056	5040	-1239	150	585	140	134	4
-17992	-17484	19348	1436	4944	5422	-14008	-4376	-18248	-2845	3425	8	-29680	-560	-10680	-160	-2816	-709	-9416	12272	13408	-762	-1349	348	-20376	5544	-7272	-1755	2036	303	-20304	2184	2504	-1370	-93	596	123	138	4
-2736	-15280	10136	846	3411	3872	-3648	-4560	-10656	-431	2327	361	-22344	-5408	-12592	-604	-2654	-703	-5328	15728	13976	-1095	-880	-164	-20936	-1384	-8504	-1305	1948	120	-18824	1784	368	-580	-284	255	110	138	4
19640	-19492	27500	540	267	1999	-2960	-4232	-1776	1691	149	567	-23856	-8944	-6576	-321	-2478	-1007	-6544	7432	16808	-434	-364	-157	-24752	-8432	-7040	474	1701	346	-21960	8304	1344	96	-141	656	125	140	4
29904	-15916	2548	864	-1140	560	5976	3136	6504	1413	-1628	167	-25136	-8400	-5720	385	-2154	-1253	-7600	9288	13776	216	-24	-54	-20152	1440	-9904	816	1609	246	-18752	4328	-4184	-319	90	344	120	141	4
22724	-17016	2792	374	-1434	-660	456	2240	1240	340	-2820	36	-20144	-1712	-8992	696	-2029	-1246	-7552	9264	11984	375	46	-81	-16328	4632	-9432	319	1413	165	-18280	4752	-3920	-177	37	-170	111	140	4
16224	-12876	3928	-158	-1709	-1940	-800	1624	1512	163	-2981	61	-14560	2984	-10432	686	-1640	-658	-7568	9912	12320	455	94	-154	-16464	1968	-6672	-171	1192	36	-16792	6624	-2672	-439	133	-185	97	140	4
7924	-12604	5808	-659	-2003	-3092	-6432	304	464	-58	-3964	71	-9592	3688	-10256	199	-1267	-136	-7880	10448	11568	538	118	-199	-14368	1768	-9776	-272	1046	-9	-14560	6080	-1160	-874	159	-156	123	138	4
2724	-10032	6524	-571	-2175	-3526	-1928	-16	-6744	1096	-5377	-63	-6744	3928	-9408	-284	-772	24	-8304	8872	11816	386	365	-149	-15112	-1008	-6480	56	1067	-1	-14408	1544	3416	-1152	194	54	144	136	4
2068	-9400	6632	-572	-2159	-3538	-4312	-568	-7912	1699	-6044	-96	-6856	3424	-8712	-471	-167	159	-8448	7712	10960	459	326	-73	-11856	-920	-4608	178	1095	81	-12248	-3688	4400	-833	69	48	134	133	4
-7828	-5540	5700	-642	-957	-2551	-6864	-456	-9928	2302	-6385	-205	-6120	5808	-8368	-81	213	206	-8312	9584	9896	282	182	-15	-10048	2312	-4768	270	1288	174	-11776	-2464	2880	471	-93	6	131	130	4
-18944	-8008	7940	-857	-302	-1982	-8536	128	-15712	2479	-6489	-118	-5032	7944	-7608	276	140	268	-7384	10080	11408	87	118	-126	-14088	4936	-3448	-6	1367	180	-12440	2872	4648	1707	-53	248	120	130	4
-27364	-10272	9908	-913	-201	-2015	-9760	1016	-19432	1679	-6374	-111	-3216	8152	-4816	202	377	399	-7928	9888	11264	-49	181	-237	-16744	3864	-5448	-85	1339	166	-13824	12008	2408	2327	94	406	117	133	4
-32768	-6072	9684	-773	-493	-2311	-14072	-2392	-23856	731	-6042	-248	-1416	1928	-720	86	877	436	-8400	8720	11256	-123	221	-242	-11864	5288	-7448	-306	1661	-232	-9512	14296	2976	925	44	355	114	133	4
-32768	4624	5624	-939	-924	-2654	-18416	-2848	-25712	115	-5364	-288	-6224	-4200	904	-529	852	159	-7936	10280	10952	-149	187	-289	-12992	832	-5536	-366	1634	-63	-9784	8280	5792	-752	-40	337	135	130	4
-32768	16204	340	-1228	-799	-2220	-19848	-3688	-23304	-808	-4395	7	-15632	-10920	4616	-264	1244	2	-8048	9448	11784	-138	132	-461	-12848	696	-5048	-312	1666	-49	-11832	1400	6224	-1631	-182	-29	151	141	4
-32768	17100	-5396	-779	-749	-569	-19424	-3248	-18440	-1098	-2868	100	-30728	-13304	11304	-174	996	6	-7648	8496	12688	-65	318	-562	-13984	-272	-7624	502	2195	138	-10104	2192	4112	-1344	-121	-65	147	119	4
-32768	14948	-8748	-139	-988	831	-14368	-2232	-15424	-683	-1487	-208	-25088	-8760	13440	-114	1244	737	-8544	8952	11832	2	496	-590	-12376	3176	-11360	313	2351	44	-11752	2312	1056	-305	-146	110	135	137	4
-32768	14392	-8776	-133	-968	945	-14888	-744	-10440	-872	-359	-534	-13480	-8896	16400	313	774	1268	-9160	9296	10856	12	509	-643	-10032	2240	-12200	-87	2325	10	-14280	864	896	523	88	205	121	126	4
-23444	6656	-5652	-1014	506	880	-15960	-1648	-8600	-675	398	-355	-11376	-7976	10184	-48	1373	1594	-8520	9432	13280	58	652	-746	-13912	-560	-12032	-38	2326	32	-16632	2120	4976	777	0	100	128	128	4
-21416	-1272	-276	-626	1325	424	-15544	-3312	-6592	114	973	22	-9040	1600	1056	1198	1558	1217	-8000	9520	15112	170	1086	-938	-18024	-1848	-13192	362	2490	38	-15688	4112	8024	755	-197	-41	96	120	4
-14876	-2380	2452	623	1769	436	-14848	-2464	-3224	876	1277	131	-14272	7744	-1792	1468	1455	546	-8480	9744	14136	364	1697	-1198	-16648	-1456	-13456	735	2680	73	-15552	2192	7416	595	-241	-187	72	126	4
-32768	-32768	32767	3579	-3414	-1880	-10960	-12232	-31016	2726	1679	33	-20832	1832	10472	-263	665	-140	-9512	9496	13264	578	2243	-1450	-15280	-1632	-14288	768	2793	176	-15752	1512	6656	953	-395	-469	126	136	4
-32768	-32768	32767	227	-3418	-3670	-20896	4648	832	1007	3152	-404	-23336	-40	88	-1178	1512	-754	-8488	9032	16744	962	3085	-1656	-23672	-3832	-16128	750	2881	103	-20392	11056	12600	1455	-649	-560	116	135	4
-5756	-19708	13580	893	-2999	-1441	-32768	-12136	4864	2222	1343	-659	-32768	-472	6504	-1434	992	-479	-8288	13944	22384	1249	4524	-2110	-32768	-64	-17960	1089	2988	-191	-26400	22176	15984	1500	-1057	-336	121	143	4
-10140	-12872	15964	943	-2384	-504	-16280	6608	-6448	1408	1594	-973	-24336	-12384	2584	-1452	1082	-628	-9256	20096	21480	1060	5824	-3059	-32768	2936	-15120	1062	2398	-660	-32768	18232	12368	-69	-1325	472	119	129	4
-7628	-2816	17164	714	-1768	-583	-28680	3976	-3984	-1372	1555	129	-18576	-8000	-4344	-24	892	-214	-13232	23360	15536	844	5535	-4040	-18680	7656	-7984	1124	2528	-525	-30504	8664	-88	-723	-1864	430	120	127	4
-9544	-7844	16920	505	-887	-698	-25240	-3840	-4856	-128	898	-446	-24352	-4056	8032	1013	234	-415	-10536	22840	13744	534	5253	-4145	-7200	6512	-14520	274	1929	-518	-24424	8408	-8728	-622	-1949	251	135	133	4
-8172	-11124	13332	60	21	-177	-22304	-5616	-344	1219	1129	-309	-22488	-2656	5216	1269	24	465	13904	-920	8520	-1672	3178	-2916	-2600	3968	-11736	-968	597	-562	-23536	8744	-8344	-817	-1573	535	129	122	4
-8264	-7816	11728	-238	236	-123	-14200	-4640	-3592	579	1699	58	-14496	-4792	-2424	283	-49	461	13344	7696	31392	-24	-479	-1718	216	1632	12264	-484	-1525	-1202	-24256	5440	-3024	-1471	-1438	728	131	133	4
-8424	-9872	10308	-95	79	-3	-13192	-8544	-8208	601	1418	95	-13360	-5472	-10848	-164	275	-51	18576	15440	20800	-1342	-3670	-617	5960	-3040	6904	-953	-2992	-161	-19304	528	-4008	-1784	-1755	835	124	123	4
-9020	-8244	10640	154	-101	10	-13424	-3320	-12936	308	910	-16	-13896	-4600	-11600	-210	700	-275	14896	7784	11912	-1101	-4642	345	-3264	-8056	3776	344	-3740	-369	-14368	-2552	-6176	-1418	-1585	518	124	133	4
-8884	-7520	11564	286	-234	-41	-15152	-2056	-10776	-462	376	112	-18240	-4512	-7128	150	990	299	7216	12200	6928	-784	-4832	1332	-14352	-2600	-1192	2304	-4130	-443	-7616	-3456	-6976	-769	-1073	140	127	132	4
-8536	-7336	11600	269	-251	-106	-15464	-2256	-5968	-601	215	61	-18304	-1768	-224	1103	871	349	2712	8304	4568	-517	-4094	2228	-9536	-1232	-5480	2570	-5537	478	-6456	-2992	-7232	-138	-1021	15	126	130	4
-8044	-6736	12160	163	-176	-159	-14904	-2032	-2488	51	527	83	-15120	-1600	6944	1657	717	234	1384	7864	3816	-8	-2989	2539	-6824	504	-6944	1599	-5870	631	-4600	-1592	-6248	228	-45	33	121	127	4
-7700	-7236	12080	-9	-41	-190	-15272	-2120	400	714	913	132	-14400	-1712	11744	1756	269	63	-1320	7560	5296	419	-1810	1836	-7112	1824	-6896	599	-6284	740	-6568	-4024	-6992	697	365	-48	108	127	4
-7356	-7984	11564	-153	82	-156	-14424	-888	2016	938	1260	-40	-13752	-1040	11992	1391	-74	122	-11576	11632	9232	872	-945	1442	-7752	3440	-11880	-932	-6660	895	-7576	-4808	-7208	619	243	-241	118	133	4
-7656	-7948	11164	-210	122	-74	-12992	-1432	-2144	384	1531	-143	-12192	1288	8440	350	-133	247	-24248	14896	10128	1076	-575	1721	-9560	3528	-17624	-2343	-6744	877	-4992	-3680	-8016	572	526	-780	121	128	4
-7772	-7804	10904	-227	190	-30	-12800	-304	-3008	-523	1740	-185	-10776	1672	4912	-475	-332	-173	-32768	11808	6680	1116	-450	2227	-12552	1640	-20448	-2867	-6336	359	-3888	4496	-1752	-241	741	-597	125	125	4
-7976	-7892	11376	-159	180	39	-12968	-3232	-4456	-951	1804	-237	-10640	-1992	3056	-1283	-223	-480	-32768	5960	520	980	-649	2634	-18888	-1360	-23616	-2102	-5332	-4	-8032	7192	3216	-2118	471	185	121	136	4
-8108	-8280	10796	-41	127	111	-11856	-5896	-6552	-694	1886	-315	-12440	-4816	-1392	-1505	-109	-463	-32768	-4648	-2304	985	-761	2190	-20344	-3800	-23160	78	-4182	12	-11952	4632	7792	-2532	396	707	128	136	4
-8060	-7820	11188	45	111	198	-11824	-4216	-9288	-208	1941	-261	-13184	-6096	-1704	-717	-143	-403	-32768	-6792	-3536	1762	-648	1146	-14032	2816	-16360	1689	-2743	231	-17432	4648	9496	-897	815	-49	42	133	4
-8104	-7116	11852	26	188	228	-12256	-2024	-11136	-198	1987	-182	-14032	-6432	-1488	-55	105	-338	-32768	-1352	-4112	1844	-867	313	-19912	2328	-15888	1969	-1982	866	-19424	736	10560	217	891	-1036	107	130	4
-8564	-8264	11260	-49	255	233	-12568	-3096	-10632	-394	1906	-143	-14976	-4904	-160	759	58	-197	-32768	-1896	-3736	1518	-1074	-133	-18216	1808	-12096	2014	-1333	741	-19056	1320	14864	283	740	-763	121	140	4
-8480	-9888	10984	53	198	408	-11768	-3280	-8696	-632	1938	-244	-13520	-1944	2240	964	12	67	-29544	-2984	-3616	1631	-973	-450	-16920	1416	-8888	2058	-252	791	-19272	3864	15200	899	921	-564	146	105	4
-8028	-8860	12432	-5	327	614	-13752	-3832	-9664	-739	2106	-285	-12168	-1824	5264	345	-47	263	-27440	-2928	-4120	1340	-561	-871	-17736	3592	-8264	1581	478	548	-19024	6816	13992	1500	1013	-60	138	143	4
-8220	-9656	12680	-129	593	906	-15816	-4312	-11936	-768	2247	-288	-13696	-1304	5456	-306	-38	180	-24168	-2912	-2304	388	34	-1540	-14824	2512	-6360	725	874	260	-15856	7080	13208	2030	848	139	76	126	4
-7664	-9044	17312	-93	1223	1205	-20616	-1008	-9360	-1154	2426	-263	-17056	-4496	9448	-718	-101	-48	-32768	32767	31032	-455	1303	-771	-14744	1856	-6248	550	997	203	-11480	4232	10336	2412	1346	79	119	142	4
-7468	-10568	17960	-50	2318	1658	-25680	-1024	-13536	-1401	2698	-165	-21192	-6328	15088	-347	-634	-165	32767	-32768	15832	-1332	-3127	2636	-28936	-4336	18424	1333	2269	-290	-17088	11712	-3080	3551	2085	-257	113	142	4
-6720	-13692	21168	-183	3866	2387	-32768	-200	-12208	-1758	3094	-222	-24392	-8248	18424	176	-1526	181	-12656	8184	27528	-1585	-2753	1728	-31832	5408	21192	-250	1582	-280	-31320	1880	4432	429	1628	-96	106	129	4
-8116	-16352	21652	-160	5353	3507	-32768	-1824	-13304	-1718	3221	0	-30992	-8528	18504	158	-2241	214	-8944	12792	15008	-1193	-2110	1144	-18584	1608	4816	-2128	1430	431	-24736	2544	8136	-958	733	-84	119	136	4
-12388	-19512	22312	261	6148	4701	-31248	-4264	-13112	-1643	2943	20	-32768	-6912	10376	219	-2675	-245	-8544	14160	13704	-1118	-1787	677	-21224	1496	840	-1389	2239	-166	-16216	8952	3112	-265	398	184	130	141	4
-14264	-22524	17460	742	5456	5436	-14072	-6368	-2040	-3065	1662	-40	-29208	-4400	-7584	5	-2693	-509	-4872	10496	17128	-1631	-839	-32	-24512	6856	-4088	-1203	1551	287	-20088	11920	10968	-423	20	696	105	136	4
-328	-11180	8336	1208	4118	4091	-5048	-3736	-10104	-2114	1554	-43	-21376	-8592	-14520	-428	-2600	-385	-6608	6624	16848	-414	-306	42	-29344	-11032	-3152	-75	1523	-1	-22744	9496	12736	-817	-345	606	111	134	4
32767	-2588	22816	-554	950	2386	-3512	-7240	11096	-699	-689	575	-20824	-9608	-14192	-420	-2552	-328	-6072	9184	12688	167	55	44	-18616	-1088	1464	861	1904	-26	-16008	-2656	-1816	-1241	-230	89	114	142	4
17736	-30480	20684	229	-2218	441	10120	-9928	5496	1922	-2382	579	-17640	-3864	-6088	845	-1718	-939	-8104	8928	11904	165	41	-10	-12256	8080	-12960	288	1955	215	-13256	-64	-6568	554	-262	-147	122	143	4
19504	-12412	7132	881	-3329	-980	13096	3120	2120	3030	-3408	-58	-17832	1432	-8688	794	-1310	-969	-8344	9016	12120	86	-3	21	-13016	6344	-10904	-628	1514	-17	-14008	8432	-5304	1887	264	-98	107	140	4
12740	-12832	2752	-19	-3379	-1843	-1112	4176	-496	1571	-4228	424	-12976	5280	-10512	274	-1031	-738	-8000	8464	12160	32	-9	46	-14736	-1456	-6776	-551	946	-248	-15312	13512	-8	864	455	-5	124	137	4
5112	-11292	1968	-291	-3222	-2376	-10640	-8	-4192	622	-5221	407	-7608	5496	-10144	-655	-598	-256	-7168	9112	12072	20	-17	10	-18416	-584	-4320	509	982	-158	-13760	10504	5024	-793	337	-139	135	137	4
1036	-5872	2664	-822	-2409	-2540	-10576	240	-6688	354	-6030	140	-5904	368	-9608	-1214	36	161	-7280	9864	11368	-34	-95	-86	-15560	3472	-1440	872	1248	-151	-12568	5352	1864	-1619	255	-132	147	136	4
-6196	-7392	4892	-1146	-1419	-2075	-7648	1688	-9344	-328	-6441	-20	-4528	-1984	-9072	-882	643	428	-7520	8880	11320	-197	-158	-125	-12464	5432	-5928	-38	1555	-209	-11712	3704	2576	-1301	345	103	127	133	4
-17368	-11068	8800	-935	-728	-1721	-5528	-512	-12520	-305	-6355	-141	-3368	2160	-6232	765	532	678	-7144	9240	12248	-177	-88	-136	-14824	3264	-4224	-1208	1562	-431	-13304	3896	4728	-540	452	521	112	134	4
-29536	-12416	9936	-723	-481	-2123	-10480	-2520	-17944	530	-6218	-586	-3576	7224	-2112	1983	429	813	-7608	8464	12344	-155	-61	-191	-13784	-1224	-6304	-1278	1452	-406	-13184	2648	5432	139	570	-52	109	132	4
-32768	-5192	7220	-744	-441	-2723	-11496	-2640	-18848	766	-6175	-664	-3480	7728	2232	2495	546	879	-7880	8456	12384	-193	-47	-178	-12696	-1392	-5224	-410	1666	-344	-11576	4200	6880	-345	330	260	114	130	4
-32768	5840	4092	-1091	-374	-2809	-20888	-824	-22936	1404	-5298	-721	-8808	3912	3560	1208	674	431	-7064	9112	12232	-167	-23	-244	-13032	424	-4248	-67	1992	-205	-10456	-1408	4704	-511	254	57	124	124	4
-32768	16300	2720	-2041	-330	-1954	-20008	-1568	-19608	-27	-4083	-154	-17672	-2416	8536	-733	770	321	-7576	8344	12208	-215	-40	-391	-11784	-112	-10152	-255	2188	-6	-12128	152	3872	-198	186	332	117	144	4
-32768	14172	2076	-2083	-689	-803	-17600	-472	-14648	-446	-2956	-253	-26312	-4080	9600	-1635	1019	130	-7192	7928	13272	-169	153	-443	-14328	-600	-9224	2	2214	31	-11896	3824	2584	562	211	441	68	135	4
-32768	11600	1656	-1246	-1466	-246	-15496	1104	-15648	-1349	-2125	-357	-24136	-5832	8824	-2359	1394	469	-7840	9152	12280	-144	216	-535	-11392	2648	-9896	140	2215	48	-12080	4984	1304	580	164	396	147	125	4
-30932	9892	-1072	-1073	-1901	19	-16824	184	-10144	-2756	-1385	-701	-14936	-9112	12928	-2237	921	1016	-8016	8664	12360	-148	163	-672	-9896	360	-11328	109	2256	168	-13432	2856	-368	-83	109	105	134	134	4
-25116	8196	-2616	-1398	-1567	261	-17784	-3944	-6520	-3059	-685	-637	-13008	-11496	11448	-1536	958	1188	-8088	8296	12040	-154	157	-679	-11544	-1064	-14088	61	2287	208	-15136	3648	1752	-97	248	-304	117	127	4
-18340	5788	-2316	-1507	-585	369	-15120	-5432	-3040	-1628	249	-164	-14120	-6712	6136	-431	923	729	-7216	7752	15624	147	544	-682	-15784	-800	-14608	216	2325	189	-16224	6944	5256	-19	304	-357	111	129	4
-16976	1492	-1480	-947	894	557	-14840	-4248	-2576	465	975	280	-16088	-4352	5536	-104	859	356	-5544	9072	17792	209	1263	-821	-21192	-1592	-12592	449	2452	67	-17568	9104	8384	-262	82	-232	114	123	4
-16840	-4068	-592	-155	2196	189	-16408	-48	-4208	1687	1448	493	-16464	-2136	4840	-438	937	159	-7432	10360	16312	339	1984	-1211	-18504	-96	-14808	479	2683	70	-17488	3960	9768	-793	-50	-208	88	119	4
-32768	-32768	27060	7517	-2326	-2703	-16800	-20496	-10848	1402	1728	230	-21984	-2424	5696	-728	1156	217	-7312	10144	19080	486	2852	-1697	-24952	-2240	-17072	730	2991	203	-17880	2568	16200	-249	-444	-493	101	115	4
-26072	-32768	5200	-583	-2765	-3035	-22368	-9888	-3680	3835	3299	-576	-26728	-9456	416	-3	1647	-664	-7296	10888	20840	549	3061	-1775	-32768	-3208	-16592	1506	2872	58	-26080	14608	24544	1013	-1097	-566	117	131	4
-2864	-21504	14316	1378	-2707	-490	-32768	-9496	6784	5137	1616	-305	-26592	1000	-1352	876	1301	337	-2656	21576	26208	632	6345	-3616	-32768	3120	-12616	1500	2855	-354	-32768	15840	17088	1152	-1817	-68	117	139	4
-9516	-13576	13260	1365	-2788	43	-9376	12208	-5528	957	1755	-982	-20816	-9328	3928	292	916	-362	-5312	23616	16104	-54	6219	-5457	-24088	6920	2656	2301	2545	-228	-32768	6080	-1088	704	-2453	370	128	125	4
-9192	3596	22652	1286	-2156	-356	-9016	13816	-3592	123	1677	-726	-19616	-5584	5392	888	333	-1061	4720	20160	10296	-982	5141	-4360	-9624	72	-10600	1523	1881	-131	-20632	9032	-17072	1040	-2504	199	122	132	4
-6404	-6132	17636	435	-836	-685	-32768	-1032	-1736	-1386	1328	-402	-26984	3920	8536	1361	-91	-476	-4272	7464	26384	516	2519	-1044	-4616	-384	11032	1326	-475	-1182	-18000	15352	-9168	299	-2199	388	113	116	4
-6972	-13688	11940	-44	52	-235	-19616	-15912	4536	924	1595	-194	-22608	-656	-528	-18	-76	546	24664	20320	15144	-1380	-709	1068	19824	9176	10616	57	-2577	-543	-21992	15680	-4528	-944	-1933	894	141	123	4
-8104	-10692	11304	8	154	196	-14528	-11904	-10344	2061	1901	-155	-14280	-8048	-11208	-940	286	276	14640	6840	13744	-1082	-2006	1546	136	1688	752	-1772	-3205	-414	-19592	7168	-8096	-2241	-1703	1179	113	126	4
-8544	-8132	11516	157	160	345	-14216	-1248	-11872	1791	1420	116	-13256	-9248	-9256	-99	583	-227	7336	11584	8464	-1515	-3322	1828	-13888	840	-2544	-1187	-4371	-1319	-18032	-4608	-10416	-2563	-1498	454	116	132	4
-8584	-6284	12316	138	202	316	-15728	3552	-11592	-198	685	-97	-17464	-2688	-6920	946	664	68	2480	7400	5192	-1382	-3745	2215	-7360	-736	-5272	-576	-5431	-166	-7776	-6728	-12176	-2355	-684	100	123	131	4
-8588	-6412	12024	-24	259	246	-16080	200	-8368	-1801	321	-230	-18496	2928	-3848	1219	778	484	656	9672	5192	-1140	-3500	2519	-2080	-1256	-8776	-548	-5679	-377	-4600	-7920	-9520	-1036	433	-189	124	132	4
-8592	-5900	11576	-168	285	102	-14760	-2848	-5072	-2051	336	-219	-15656	2472	3104	796	687	513	-2712	7680	6408	-433	-2997	2461	-5520	-320	-10504	-312	-6464	-108	-6928	-5896	-8432	345	804	-369	134	117	4
-8240	-7840	11688	-221	323	62	-14144	-5984	272	-1157	623	-84	-14240	-504	8696	266	498	127	-8416	10392	6864	393	-2050	2038	-9256	88	-9888	-424	-6901	104	-7664	-2720	-7040	721	705	-342	113	136	4
-7708	-8308	11864	-141	358	111	-13528	-6640	2312	284	1042	-88	-13824	-4080	10640	-282	282	-82	-21264	15240	7320	679	-834	1540	-12848	1992	-15576	-834	-7113	261	-5576	-1048	-7728	126	728	-216	114	140	4
-8264	-8972	11160	-36	340	278	-13720	-5664	-400	1108	1458	-50	-12936	-3928	7384	-769	220	-146	-32768	15376	5432	391	67	1474	-16040	4072	-20640	-1114	-6673	402	-4784	2856	-2680	-883	923	104	122	136	4
-8876	-7400	10620	-84	306	412	-13848	-1248	-4480	698	1646	-212	-12272	-1456	4960	-911	111	-359	-32768	12656	1632	-29	98	1953	-19592	3312	-24968	-1707	-5512	116	-8440	2064	3024	-1424	1030	450	122	138	4
-8944	-5508	10404	-253	227	337	-11232	2960	-4520	-591	1753	-329	-11624	864	2232	-1073	65	-325	-32768	8496	-1640	-66	-224	2240	-21416	2520	-21600	-1015	-4257	25	-14440	560	9376	-1857	1159	559	117	130	4
-8832	-4912	10500	-384	124	125	-8664	1072	-7000	-1442	1808	-338	-9344	1160	-1088	-1040	16	-94	-32768	928	-7872	476	-500	1842	-20064	4320	-17896	-281	-3258	306	-23000	4304	14592	-1006	846	226	148	137	4
-9424	-6932	11100	-421	103	-31	-8056	-4648	-7904	-1417	1806	-335	-8200	-4104	400	-1459	-34	-75	-32768	-8208	-10664	1593	-460	749	-16240	2608	-14848	-373	-1725	717	-21296	-696	15704	-247	988	-543	95	137	4
-8756	-8728	11848	-317	228	11	-13112	-8288	-4520	-589	1911	-309	-11936	-10264	752	-1124	-40	-226	-30776	-11544	-7144	3272	-19	-478	-15136	-4992	-12416	294	-531	697	-16664	-1208	14216	523	769	-1484	109	121	4
-9460	-8924	10256	-165	181	259	-14928	-7288	-8512	295	2111	-177	-14936	-8024	-3248	179	-53	-224	-29312	-5672	-1152	3965	251	-1243	-14952	-4336	-11976	3373	-552	1437	-15256	6184	12368	1148	608	-797	137	134	4
-9656	-6848	10596	-95	36	321	-8984	-1848	-12464	105	2238	-118	-11800	-3928	-1592	693	-39	-39	-30240	2440	3960	2299	-326	-1436	-13376	3080	-9016	4445	511	1169	-14032	9312	8608	2549	584	11	126	131	4
-8436	-7320	13432	-152	297	235	-12496	-1024	-10976	-559	2221	-129	-11640	-5920	5552	393	50	199	-22000	1600	2624	-84	-765	-1542	-17184	7616	-4776	3666	1217	669	-15816	8928	6200	3024	860	292	125	95	4
-7276	-9012	14824	-335	989	420	-22824	-968	-8384	-968	2394	-17	-16760	-5640	6976	495	-132	82	-14608	-1760	-2880	-539	408	-1762	-15504	2056	-1744	648	1398	-170	-13056	3592	6648	2740	1282	376	112	141	4
-8676	-10384	13000	-369	1511	846	-18152	-1752	-12792	-957	2644	51	-18976	1992	9656	927	-445	74	-32768	-32768	32767	-4969	-2660	4125	-18680	14992	6608	-525	1668	-67	-21272	4112	3680	3039	1382	-260	152	143	4
-6532	-12780	16364	-289	2253	1464	-26192	352	-8960	-1623	2785	-407	-21384	3024	11344	369	-700	380	552	32767	2384	-1701	-2358	1988	-29568	1456	-768	-3104	2568	-703	-27760	8512	4656	1272	1642	-71	121	136	4
-8340	-14008	16496	-315	3287	2331	-30008	-4256	-15232	-1631	2851	-298	-25464	-3776	14176	-203	-1333	254	-9096	16416	13768	-1078	-1996	790	-29272	-2368	4176	-2635	1173	328	-25968	6088	2520	-1115	561	-168	135	135	4
-5988	-17088	19456	-238	4683	3522	-32768	-3712	-9504	-2092	2940	-303	-32096	-13760	14648	-541	-2030	109	-13176	11584	13472	-999	-2002	748	-16936	-1720	-448	-644	2120	320	-14080	9792	6488	-1036	466	16	127	133	4
-4840	-23268	19180	5	5438	5261	-28640	-5664	-3848	-2428	2641	16	-32768	-9320	3888	-265	-2529	-397	-10192	9232	13864	-826	-1553	484	-20408	4008	-6672	-302	1868	251	-15272	5136	-1880	-1112	624	210	119	138	4
-4724	-8788	12136	378	5086	5690	-11704	-4176	-5784	-3435	1931	-97	-24416	-1504	-10608	-154	-2403	-510	-9856	7800	13800	-650	-1516	465	-15992	3648	-10952	-789	1505	146	-15760	2064	-2128	-726	279	356	106	133	4
26204	-16752	27580	-130	2291	3585	-7584	-608	-2408	-867	451	203	-17888	-2192	-14720	-288	-2142	-307	-6576	8056	16808	-558	-952	286	-25256	2056	1096	-664	1520	-170	-24696	12224	10408	-137	-86	482	112	136	4
17716	-32060	23960	725	-773	323	-1880	-4552	1136	-209	-1216	594	-17496	-2552	-13648	-356	-2152	-300	-6024	10688	14832	-52	-95	-32	-26512	-400	-1136	-828	1452	-74	-21024	7056	8600	-1464	-289	554	111	143	4
21060	-8548	12044	1264	-2183	-645	10896	-2032	5656	834	-2867	721	-22008	-10016	-9240	-277	-1736	-1051	-7016	8512	13360	194	251	-221	-16864	-1096	-7536	-241	1831	40	-15872	-856	-496	-1131	-218	99	112	143	4
13012	-14228	8208	1088	-2884	-1132	1344	-1792	-1744	2110	-3747	391	-15296	-2656	-11064	948	-1308	-1124	-7768	9416	12656	344	405	-212	-15136	2896	-7416	239	1755	108	-16208	-616	-2176	141	-314	30	168	141	4
6624	-10208	3292	1138	-3352	-1480	-712	-1440	-1432	2164	-3885	386	-9152	4904	-11312	1153	-753	-350	-9032	7656	11480	456	337	-199	-11392	-6808	-11672	1311	1430	335	-13576	560	-4944	897	55	1	98	143	4
556	-10416	380	644	-3071	-1552	-8984	3304	-12184	2819	-4643	523	-6488	6496	-10728	406	-186	301	-8680	7096	11088	323	141	66	-8432	7208	-6688	1095	1294	44	-11632	2792	-3696	1285	350	-1	148	141	4
-5424	-10132	888	-58	-2412	-1793	-2320	1128	-17528	1634	-5315	1152	-5688	6216	-9512	-41	-15	602	-7904	9152	11280	132	-39	139	-12912	4232	-4944	736	1189	52	-13392	6632	2504	1288	87	-14	135	139	4
-13904	-10896	2068	-663	-1446	-2022	-5800	-2240	-12376	328	-5901	227	-3736	4392	-7312	374	39	867	-6512	9992	11960	43	-8	36	-16824	4888	-3928	52	1310	63	-14328	10656	3168	579	39	67	134	139	4
-26000	-7656	3740	-935	-503	-2333	-8184	-1152	-18816	227	-6296	-56	-1240	4352	-4760	1091	132	691	-7536	9560	10872	-84	-39	-92	-14504	4520	-6552	-682	1544	-240	-13096	8824	272	-449	9	284	103	132	4
-32768	-2752	3756	-1357	91	-2856	-12224	-5056	-22920	-179	-5955	72	-688	-896	-3792	1127	487	299	-8008	8184	11968	-134	-78	-116	-12656	-96	-8472	-1073	1580	-164	-12944	2552	5536	-852	-23	205	107	138	4
-32768	-144	2228	-929	70	-3045	-14648	-6904	-22976	235	-4905	-75	-8760	-2448	3504	500	102	-156	-6944	8408	13528	-49	55	-121	-16128	-2592	-4840	-525	1587	-87	-13656	4248	8448	-490	145	171	109	140	4
-32768	6200	592	-301	-483	-2346	-18288	-7024	-19608	639	-3474	-215	-18272	-2224	3656	162	556	-401	-7120	8664	12712	86	292	-270	-15680	856	-5904	142	1768	-5	-12168	4192	6984	-588	17	273	127	140	4
-32768	13432	460	-1112	-779	-1163	-17688	-3808	-16080	619	-2742	-216	-22616	-624	3424	-653	1299	-4	-7808	10472	10560	111	342	-407	-10856	2976	-7008	391	2083	70	-11480	904	24	-650	-272	349	108	136	4
-32768	5732	-360	-1571	-1080	-239	-17184	1392	-16024	-158	-2403	-300	-22856	-616	6760	-621	1838	553	-9232	8024	9736	-33	-35	-522	-5624	1608	-13128	-13	2096	288	-10368	-3088	-2624	-205	-231	-90	119	124	4
-32208	6576	-1552	-1220	-1188	20	-19176	2864	-11952	-1806	-1779	-774	-18816	-6456	9816	-808	1633	1114	-9304	5208	12552	-89	-188	-263	-7808	-2176	-13576	189	1916	381	-12096	1120	-616	866	-44	-267	111	131	4
-24948	10744	-1240	-1454	-391	265	-16712	-1216	-9040	-2547	-1224	-898	-16208	-10872	9880	-419	1243	984	-7624	8568	13176	41	18	-55	-14984	1048	-13512	686	1731	230	-16000	8064	2720	1449	237	119	116	132	4
-25964	5324	1456	-995	517	405	-17088	-5792	-6928	-1363	-294	-405	-15864	-7760	6424	535	1091	594	-7040	9760	13520	155	269	-198	-15424	2864	-12360	619	1785	265	-17888	10648	3672	646	209	6	103	135	4
-25176	2324	4296	-194	798	12	-16376	-3592	-6704	525	691	-21	-18696	-4664	7224	1100	698	200	-7040	9792	13288	342	534	-375	-14248	1248	-12312	283	1987	105	-16120	4280	4888	-406	213	-368	105	137	4
-32768	-32768	32767	3018	-2646	-2096	-15864	-11792	-24056	2046	1584	188	-25520	-6096	15208	550	26	-143	-7304	10528	14592	303	900	-687	-17288	904	-13488	287	2132	269	-16128	2904	8856	-237	155	-635	121	130	4
-14256	-23988	21840	-542	-1811	-2953	-21800	6096	4064	1414	2774	42	-18488	1352	2344	-734	1220	-250	-6448	12368	18744	454	1725	-1194	-27392	1000	-14304	898	2174	230	-20480	9928	18160	598	-88	-467	123	126	4
-5116	-12560	14756	545	-2205	-1432	-32768	-2928	12832	1543	1366	-190	-26832	11200	3000	-901	1351	583	-2352	14848	24688	637	3557	-1976	-32768	-1712	-13168	1373	2700	47	-24592	19176	25304	681	-896	-152	111	138	4
-6604	-12068	15808	683	-1776	-703	-16808	-56	7704	2014	1190	-801	-23536	464	6896	-1487	814	-456	-560	17240	24536	1237	5768	-3081	-32768	-792	-9840	1483	2559	-308	-31240	14632	21976	206	-1724	207	126	134	4
-8176	-10716	13164	708	-1547	-372	-19568	360	-7952	-642	1634	-141	-18568	-10568	-1928	-2082	1306	-952	-4464	20048	20744	1573	7000	-4371	-28600	1624	-7504	1128	2040	-438	-32520	4344	8216	121	-2360	358	124	125	4
-8524	-7104	13908	409	-1219	-672	-20008	-512	3048	-360	1349	-268	-14752	-2496	-3512	-713	901	-417	-984	19160	10368	402	6044	-5410	-13064	1840	-2304	3323	1894	469	-24488	1424	-9424	271	-2661	220	137	138	4
-10828	-10404	12792	457	-743	-526	-16760	-7416	-5712	759	1027	-597	-19648	-1320	200	-13	228	-26	32767	-5280	25856	-339	3802	-3477	-9688	-3592	4792	2715	1006	208	-18488	5400	-16112	766	-2511	-134	126	123	4
-8680	-13704	12032	385	-336	-248	-22024	-8680	648	949	1223	-176	-22424	-12640	2008	-40	-186	-28	10272	32767	28712	1338	165	1111	9176	10368	-1744	142	-643	-1049	-19304	13328	-2584	543	-2422	198	126	128	4
-7256	-10292	11692	166	-138	-25	-21848	-5216	-2600	958	1410	-34	-17912	-9944	-936	715	-44	-137	15928	2544	15760	-1833	-1594	1256	11144	5480	6704	-322	-2778	-112	-19688	15432	-6864	-484	-2105	777	122	150	4
-7288	-8468	12008	98	-41	59	-16104	-1800	-5848	476	1307	-116	-15880	-2880	-5312	1273	233	-154	7224	6912	11200	-929	-3065	1277	-7280	4736	-3232	-2024	-3629	-266	-15280	5904	-8464	-1770	-1715	867	119	123	4
-8000	-8580	11344	108	-67	47	-13472	-4888	-9736	-207	941	-32	-14528	-1896	-8520	1008	467	230	3528	9656	4432	-1647	-3652	1285	-16568	-1032	-4384	-2210	-4631	-501	-13424	-3480	-8664	-2444	-1478	503	129	130	4
-7928	-8440	11832	140	-164	-60	-8224	-5744	-15592	-620	1462	1125	-15104	-2328	-6184	891	650	375	-400	9000	1408	-1593	-3359	1236	-7552	-1968	-10720	-1658	-5370	-613	-9136	-6040	-7720	-1778	5	-38	116	129	4
-8312	-8216	11876	72	-77	-69	-15880	-1224	-6952	-305	258	-564	-16672	-3536	-1968	992	689	372	-5752	10256	848	-999	-2444	1186	-5392	480	-10552	-413	-5448	-388	-7840	-5224	-5680	-779	120	-324	123	128	4
-7664	-7656	11724	12	-39	-175	-16680	-3184	-3096	181	602	199	-16016	-2808	2912	1243	724	168	-13048	13624	2280	-438	-1652	1235	-6288	1824	-13096	-199	-5607	-109	-7208	-4144	-4432	-387	124	-133	127	133	4
-7336	-7232	12088	-77	78	-204	-14200	-2512	-896	497	887	160	-14744	-1920	9184	1275	422	75	-17856	12192	3696	145	-1148	1482	-6384	3032	-14744	-703	-5752	24	-6784	-3912	-4912	-165	169	-91	126	123	4
-7136	-8344	11636	-187	185	-190	-13768	-2832	1544	547	1216	78	-13656	336	12184	922	124	-126	-23768	11152	3168	864	-885	1744	-9344	864	-17712	-466	-5806	229	-6632	-3424	-5216	-76	500	-130	125	120	4
-6920	-8648	11380	-231	215	-116	-13664	-1488	1016	269	1459	-91	-12144	1920	10752	-1	20	-107	-30384	9528	2312	1058	-597	1968	-12376	680	-18432	64	-5596	574	-6448	-800	-1528	58	805	-113	121	136	4
-6908	-9304	10480	-192	204	-1	-13768	-1232	-1024	-359	1679	-246	-11120	-544	6136	-1098	-107	-117	-32768	4952	1888	1078	-215	2142	-17344	1128	-19472	385	-4875	678	-9656	3736	2976	386	981	-220	115	116	4
-7356	-8504	11132	-192	252	74	-13360	-3224	-4768	-717	1814	-282	-11072	-1256	6416	-1249	-132	-131	-32768	48	1416	1230	-63	1976	-20224	600	-19312	818	-3986	366	-12392	9400	6216	343	1120	-265	127	131	4
-7520	-8572	11480	-209	316	147	-13928	-3152	-5048	-783	1926	-267	-13160	-4200	-2288	-1316	-30	-279	-32768	-384	-104	1296	-475	1396	-17048	2800	-15424	1210	-3030	305	-16672	9480	8624	-58	1365	-220	120	146	4
-8216	-7924	10992	-133	264	193	-10912	-4600	-11552	-734	1946	-212	-12336	-4768	-4512	-830	-96	-222	-32768	720	-2688	891	-1143	632	-16608	3984	-12592	706	-2094	562	-17608	3896	11216	-274	1346	-493	129	148	4
-8172	-8520	11232	-74	237	184	-10800	-2744	-10200	-645	1894	-187	-12304	-4992	-16	-437	189	-197	-30256	-1192	-4352	710	-1288	133	-17248	-1112	-10336	164	-723	549	-17136	1384	15280	152	1022	-721	129	125	4
-7588	-9936	11240	-219	261	272	-14784	-3088	-7584	-707	1849	-233	-15408	-5368	3952	-101	-4	2	-25648	-3360	-3616	919	-994	-136	-15688	-1312	-8472	908	-570	685	-16624	3552	13768	-27	966	70	98	117	4
-7004	-11028	12168	-208	437	621	-16920	-3400	-6864	-811	2053	-288	-15360	-2896	3368	566	-122	101	-21432	-4464	-1976	1077	-382	-568	-14904	-928	-6048	1145	431	511	-17152	5504	10176	774	877	311	121	147	4
-7648	-9584	12568	-434	749	837	-14072	-616	-12024	-1061	2324	-211	-13928	-1456	2528	485	-153	222	-23464	512	1080	453	321	-1179	-15688	1032	-5808	946	957	362	-16720	5600	8880	1143	981	220	128	135	4
-7664	-7944	14036	-223	1134	920	-15072	-672	-11040	-1340	2349	-231	-14464	-2312	4848	74	-154	345	-20904	4056	2696	-565	761	-904	-16688	1072	-7152	100	1397	142	-17464	4824	9648	1393	810	70	123	122	4
-8232	-10436	14560	-231	1758	1187	-20760	-3856	-10664	-1318	2451	-167	-17224	-5072	10848	-204	-351	296	-19888	4096	2632	-649	893	-813	-17264	11496	-8416	-259	1834	-103	-16784	5088	9688	1537	700	115	131	142	4
-6892	-15504	16720	-208	2621	1856	-28264	-3848	-6448	-1381	2796	-170	-20488	-6928	12928	380	-1081	146	-26912	32767	4760	-519	-2549	2710	-31672	-4792	344	-1239	2117	-839	-21824	9656	7320	1910	2125	33	118	137	4
-8864	-13316	16520	-210	3617	2675	-25360	-3048	-14472	-1240	3100	22	-21792	-5584	10408	673	-1592	36	352	19752	17328	-1270	-2469	1235	-27776	7208	13784	-1225	1239	398	-26136	5224	5720	1004	1746	-706	131	131	4
-9776	-13140	17228	-383	4691	3490	-31496	-888	-12624	-1571	3137	25	-27064	-5072	10680	-20	-1953	3	-6728	15040	13408	-1461	-2004	356	-18576	4520	5296	-1659	1862	215	-18416	11400	5384	-603	790	127	131	130	4
-12852	-17184	18520	58	5252	4354	-28552	-5112	-15344	-1352	2716	211	-32768	-11312	9088	-680	-2452	-333	-576	7960	18024	-1664	-1403	-77	-21400	-2904	-5296	-954	1983	202	-17208	13264	5168	-569	645	278	141	129	4
-8212	-17548	14176	347	5363	5014	-19040	-5256	-5104	-1192	2198	407	-31776	-7856	-696	-154	-2617	-600	-10368	11352	17712	-1270	-781	93	-25416	-5448	-1648	-623	1706	-180	-23240	4264	11544	-1598	8	755	120	139	4
-6740	-19496	7644	1470	4201	5042	-6664	-3424	-7320	-2571	1208	180	-25368	-3968	-11192	-152	-2416	-598	-6704	7192	15168	-326	-174	52	-23672	-3616	-4840	-654	1530	211	-22336	552	4552	-1422	125	111	111	137	4
32767	-8240	24780	1034	1574	2770	-2720	-992	-3744	-1089	155	279	-19136	-3584	-15048	-337	-2037	-772	-6848	9896	12360	61	52	75	-17344	5584	-5664	-411	1819	-35	-16072	-8	-5720	-238	3	-214	115	137	4
11744	-32768	30200	-389	-3415	-213	4008	-7864	-1408	1504	-1589	937	-18072	-2400	-4056	-113	-1873	-919	-8000	9432	12080	91	24	22	-13904	7712	-11664	-1060	1843	-66	-14616	6288	-7208	932	268	42	118	144	4
21816	-6396	6152	1059	-4657	-489	12256	6408	8536	2042	-3384	181	-18968	-3536	-6232	2	-1521	-831	-7712	8688	12400	81	-1	31	-14992	144	-9240	-651	1268	-49	-14272	11704	-4064	579	470	219	120	142	4
8804	-12740	5280	-147	-4345	-1415	1000	6200	-4864	1163	-3929	7	-12632	-2768	-8688	310	-1290	-652	-7160	8576	12680	93	8	49	-15888	-3304	-7760	470	917	-165	-14688	10064	2296	-585	410	139	24	139	4
4136	-13812	1724	32	-4103	-2728	-9952	4424	-1056	-783	-4701	268	-6376	2104	-8624	683	-702	-10	-6672	8744	12560	184	97	60	-17360	-1928	-3920	1474	905	132	-15240	5072	4560	-1468	335	-22	110	138	4
324	-7084	492	-498	-3188	-3454	-11744	-2376	-6936	-591	-5221	150	-4784	3368	-8064	596	-327	382	-6640	9672	11624	223	133	21	-15688	5744	-624	1172	1275	-19	-14296	2776	4936	-1483	187	98	128	135	4
-5704	-8064	2204	-587	-2371	-3400	-11168	-3416	-7768	-397	-5310	136	-5464	5760	-6112	469	31	418	-6864	9848	12000	131	58	-104	-14096	6976	-2576	-382	1569	-248	-14240	1216	2064	-1024	183	172	140	136	4
-6724	-4272	1944	-475	-1578	-2245	-5640	-2248	-10032	1757	-5742	-358	-4784	6616	-4888	622	-83	465	-7608	8488	11688	33	16	-165	-12640	2048	-8080	-1586	1495	-248	-14544	640	2160	-390	154	51	129	138	4
-15380	-6136	5800	-978	-265	-1282	-9560	-3336	-15144	3133	-5800	-340	-3424	7056	-4136	661	42	458	-7624	7864	12536	-13	51	-110	-13608	-2424	-7504	-1246	1309	-108	-13312	3192	5616	366	145	429	120	136	4
-27044	-9460	8476	-1294	313	-1404	-12160	64	-20600	3026	-5799	105	-4160	5464	-3392	417	561	437	-6912	9440	12704	76	120	-124	-15512	-632	-3728	-140	1446	-66	-12840	4880	7408	361	68	340	141	134	4
-32768	-6596	7872	-1296	529	-1666	-15968	2264	-20328	826	-5576	45	-7984	2344	-1176	39	801	357	-6784	9672	12104	102	169	-269	-15552	-696	-3512	40	1483	-28	-11328	3328	5816	8	-240	222	108	135	4
-32768	-1960	6108	-1046	555	-1869	-19416	-2960	-20960	-921	-5076	-106	-15040	-3272	2968	-360	963	-29	-6632	10704	11496	-22	207	-536	-12880	3592	-6032	560	2039	148	-11936	2880	1192	117	-233	200	137	138	4
-32768	4536	3944	-759	314	-1794	-18976	-3064	-18752	-1841	-4159	-269	-20416	-6016	5520	-942	1547	-79	-8456	7472	12200	-140	142	-627	-10808	1144	-12040	74	1938	300	-11984	3928	800	455	-76	295	128	141	4
-32768	10368	1376	-1031	-100	-1063	-17216	-5280	-14176	-1470	-3263	-498	-21104	-5128	5240	-1144	1737	597	-7712	6536	13344	-19	288	-406	-13312	-248	-10520	338	1927	99	-12672	8808	1352	803	72	338	127	143	4
-32768	9308	-760	-1647	-696	39	-18144	-4112	-11880	-752	-2269	-665	-19528	-5736	9448	-1007	1476	982	-7896	10016	11976	79	421	-413	-12832	4112	-10728	295	1906	-2	-13104	8552	1672	86	20	193	104	134	4
-31288	8132	-1788	-2031	-835	628	-19816	-240	-10584	-1132	-1460	-818	-16600	-8624	13560	-715	841	1064	-8096	9544	12736	20	462	-598	-12784	2224	-10976	86	2032	14	-14504	6416	3024	-534	30	-79	123	125	4
-27036	9716	-2156	-2280	-356	559	-16056	-528	-7544	-1808	-555	-624	-18536	-10480	10824	-226	961	633	-8128	8264	13904	143	666	-697	-13736	-384	-12312	13	2156	-41	-14544	4840	4144	-693	171	-165	133	136	4
-24568	5760	-2212	-1054	210	658	-14296	-3232	-5336	-1490	329	-220	-20656	-7720	8824	-249	843	153	-8288	8792	13456	198	982	-764	-14272	-1024	-13136	344	2192	0	-14648	4520	4248	-670	178	-162	113	141	4
-21488	5856	-3184	333	1123	843	-15048	-1736	-5056	-328	1083	76	-19856	-2832	8768	-276	299	-26	-7944	9568	14376	272	1328	-935	-15408	-1560	-13536	552	2176	139	-16384	832	6584	-250	111	-54	118	138	4
-32768	-32768	28888	3448	1038	-562	-15304	-1208	-5048	-137	1209	117	-14752	896	7432	-991	-227	63	-8056	9392	15536	386	1817	-1158	-17824	-2400	-13368	835	2311	171	-16912	472	9504	358	45	-491	117	134	4
-32768	-32768	30920	5753	-1064	-1617	-17984	464	6896	-25	2065	-334	-11264	-5344	3016	-2364	1124	309	-7512	10544	17920	599	2659	-1465	-24120	-1712	-14016	844	2566	112	-19880	4720	13664	774	-357	-464	123	121	4
-2880	-22336	14332	670	-2459	-2274	-32768	-10104	17992	1084	2132	661	-23472	4536	-824	-1077	1528	471	-4784	14552	18560	897	3920	-2070	-30720	-1768	-11088	1107	2458	8	-22976	10712	15928	870	-854	-250	121	130	4
-8740	-21508	11336	706	-2290	-1585	-22208	-4936	13480	2116	1564	-555	-27552	-4384	4984	-613	625	-116	-7760	17128	19840	1146	4967	-3003	-30040	1016	-14704	668	2611	12	-25928	10864	15008	1066	-1361	-200	114	147	4
-7468	-12152	13072	1073	-2066	-597	-19416	-5632	-2480	1163	1982	-291	-18520	-14776	3632	-431	794	-978	-8240	16360	16504	1107	5517	-4028	-25184	1296	-11192	612	2328	-132	-29552	10088	7992	649	-1933	-114	125	138	4
9280	-10056	17028	2023	-559	344	-23944	616	4032	412	1781	-270	-18480	-9760	5048	23	298	-753	-4848	11048	12096	546	5177	-4454	-14016	1048	-6560	789	1939	114	-26464	8624	-3872	502	-2199	-43	122	137	4
-6176	-7240	17324	650	-431	-71	-32584	3440	-1312	558	1497	-364	-26192	-4000	8992	839	-108	-825	-1096	12424	8040	-727	4381	-4244	-9024	2800	-11480	2295	1599	609	-24664	10560	-8832	234	-2156	-74	125	134	4
-8168	-8468	12312	-75	100	-154	-16864	-5600	-4616	249	1698	4	-18528	-2184	-4224	681	212	396	-3856	-1152	32767	-70	1348	-2121	-3792	-2360	11024	1873	-688	-790	-21032	11968	-8912	-477	-1867	181	126	129	4
-8596	-10212	9932	-2	5	-85	-11784	-13136	-7712	656	1917	142	-10168	-5344	-6000	300	-12	348	17376	17048	21920	-41	-3308	917	12576	5656	5856	-375	-2562	1	-21120	9592	-536	-1231	-1991	423	127	125	4
-8100	-9704	10592	168	-145	-33	-10768	-4528	-6568	1207	1623	33	-10040	-11320	-4424	295	422	-327	14368	3752	11192	-1050	-3592	359	-1488	-2896	5480	-55	-3372	62	-18520	3912	-5112	-1820	-1760	584	122	127	4
-7952	-8992	11000	262	-231	-7	-14016	-352	-7560	546	1375	294	-14880	-9784	-2368	1030	150	-343	3120	9400	9536	-548	-4118	1101	-15528	-1072	-3928	-346	-3745	-119	-10864	-720	-6352	-1660	-1537	300	122	120	4
-7368	-8712	11332	195	-139	37	-20392	-1736	-4160	-301	1192	52	-18184	-3632	1472	1781	89	-58	2280	7960	3480	-601	-3845	1748	-10856	-4224	-4008	735	-4771	-147	-8752	-3752	-6320	-1364	-1460	-32	125	134	4
-7568	-8680	11304	106	-70	91	-15600	-2336	-6176	-317	1211	102	-17360	2816	648	1941	235	189	208	8336	1952	-346	-2920	2070	-6936	-2400	-8312	828	-5028	125	-5840	-3936	-5216	-739	-541	-130	123	130	4
-7632	-7792	11672	57	-21	85	-13664	-1928	-6832	33	1340	78	-15736	3392	1960	1279	277	216	-720	7576	4376	17	-1858	2081	-5432	-1696	-9912	542	-5478	535	-6224	-4784	-4160	-96	-79	-82	120	128	4
-7860	-7452	11632	-17	58	27	-13552	-2448	-5080	421	1335	33	-14312	248	3408	526	297	91	-7512	5600	8160	1154	-1044	1909	-7576	2248	-11368	-148	-5980	588	-6912	-3736	-3832	461	-43	-60	116	136	4
-7876	-8404	11092	-17	64	34	-12496	-3496	-4056	590	1372	-9	-13328	-2816	3488	63	141	-100	-18328	10072	8912	2206	-623	1822	-9192	512	-12248	-1066	-6092	716	-6984	-2536	-3904	730	42	-271	119	135	4
-7216	-9520	11164	46	48	132	-13832	-4048	-3144	321	1520	-83	-12696	-4752	2616	-35	-27	-310	-28728	17456	5968	1699	-621	1827	-9936	272	-15408	-983	-5804	490	-6464	-1632	-4040	598	414	-373	117	143	4
-7860	-8996	10808	195	-17	296	-13104	-3752	-9200	136	1590	-71	-12888	-2960	-424	-21	160	-392	-32768	13976	3048	337	-658	1875	-12000	1120	-17840	-669	-5315	584	-7248	1272	-528	527	724	-267	116	138	4
-8176	-7180	11852	255	-12	269	-12256	-1240	-9040	-216	1563	-100	-14464	-1312	1896	-405	264	-393	-32336	8536	1480	-176	-626	2066	-17848	1352	-18024	-717	-4651	665	-10456	3152	1272	111	900	-151	124	122	4
-7588	-8232	11972	172	93	262	-14096	-1496	-6944	-505	1506	-124	-16048	-2040	3520	-525	240	-243	-32768	3072	2776	451	-333	1985	-22808	-400	-18104	-350	-4472	742	-14312	6840	1880	-233	1269	-431	145	129	4
-7752	-7812	12060	109	168	392	-13640	-936	-7792	-649	1577	-276	-14696	-2144	3080	-47	155	17	-32768	4672	3264	1559	-9	1759	-23216	-712	-17160	-201	-4429	722	-21664	8368	5080	-608	1226	-895	142	120	4
-8088	-7744	11532	55	223	407	-11648	-3056	-8000	-848	1704	-238	-11440	-4104	-40	180	113	152	-32768	9480	2944	1262	-184	1350	-21832	2648	-11952	609	-2597	667	-24080	5232	9752	-523	1022	-1186	135	139	4
-8784	-7720	10980	93	165	415	-9968	-5584	-11056	-553	1788	-224	-10624	-5608	376	175	94	108	-32768	3048	1472	553	-751	1107	-22256	2992	-8440	252	-2574	830	-18608	5176	15608	-1253	1019	-915	158	137	4
-8212	-8540	11388	72	180	452	-12064	-4864	-9624	-295	1812	-184	-12496	-7424	512	127	167	42	-27320	-3104	184	918	-904	904	-18120	-576	-4752	88	-1373	707	-14432	6592	19080	-1258	1048	-455	147	126	4
-8680	-8516	12300	97	248	523	-12448	-4256	-11512	-328	1887	-59	-14304	-7464	3192	228	78	-5	-22264	-2984	-584	911	-526	64	-16832	-8	-2712	690	-545	613	-16776	4976	16360	-636	929	235	90	111	4
-7940	-9856	13236	198	519	715	-16712	-3416	-10128	-666	1994	-38	-16328	-5936	4776	480	-49	-40	-21768	-3488	-136	346	-109	-819	-14408	1088	-1952	588	-107	417	-17656	840	13032	138	793	512	132	144	4
-8224	-8844	12528	283	776	996	-14800	-2304	-10736	-808	2096	-5	-15952	-2176	3536	517	-112	-84	-22704	-832	952	-225	27	-1002	-12568	880	-4504	-289	671	170	-16096	384	11968	911	654	441	127	154	4
-8688	-8704	12396	339	1011	1218	-12816	-1808	-12296	-902	2178	-73	-15688	48	2424	175	-91	-17	-17176	-560	128	-585	365	-816	-14144	-2216	-3768	-687	1312	-54	-14136	72	11184	1384	462	365	100	113	4
-9676	-7904	12260	325	1153	1433	-12120	-1024	-14000	-1032	2173	-211	-15632	280	2504	108	-81	0	-13632	-656	-1200	-383	1619	-915	-15400	-3792	-2560	-648	1624	-112	-11352	-1600	9792	2067	675	119	120	131	4
-9452	-8592	13488	347	1450	1652	-14776	-640	-13432	-1298	2232	-304	-15832	-1360	8632	-437	-366	314	14744	-32768	23104	-2008	-3600	4032	-16608	8016	4928	204	2213	62	-17696	1544	328	3417	1511	-583	139	135	4
-9088	-10948	17436	375	2182	2103	-25584	-2688	-14416	-1433	2498	-435	-17520	-8992	14680	-786	-883	450	-8352	25008	16184	-1946	-2439	1670	-32232	17440	13272	512	2978	-310	-28712	7216	-13144	2611	2151	-267	151	131	4
-6908	-15784	20944	601	3327	3044	-32768	-3184	-14336	-1577	2804	-280	-27952	-16168	15896	-547	-1342	287	-8448	12736	14400	-1556	-2526	740	-21400	1664	2480	-1629	838	860	-21160	15616	1256	-147	889	388	133	130	4
-7248	-17240	20468	1067	4089	4315	-29800	-3056	-10408	-2252	2431	-8	-32768	-8336	9888	176	-1792	-231	-7496	8120	16880	-1352	-2211	357	-20664	-6224	-112	543	1516	159	-17600	9472	4112	-1986	568	548	123	133	4
-7140	-9800	13776	1213	4425	4422	-14744	920	-11832	-2917	2169	-182	-26784	-1416	-3968	107	-1970	-409	-6776	6456	18536	-1337	-1346	-91	-29280	2904	2032	-26	1365	496	-26320	-416	6680	-2680	422	411	132	133	4
1148	-2816	5576	1147	3887	3186	-6272	4816	-13320	-1539	1550	74	-19992	-2304	-13792	-282	-1743	-127	-5968	7368	17136	-422	-358	49	-28512	-2456	-2480	-610	1170	348	-26904	-120	5488	-1540	-25	175	116	135	4
29836	-13216	8508	303	2659	746	-560	-1152	5832	-967	-683	705	-19952	-4240	-11200	-613	-1346	-123	-6832	8728	14704	259	88	69	-22872	3264	-3680	-949	1411	-7	-20616	1176	-728	-170	96	14	122	137	4
14432	-13080	11088	589	416	-1269	15920	-7712	376	1084	-1955	659	-24024	-10112	-4944	-306	-1024	-332	-7520	10672	11528	393	161	11	-17008	8600	-7168	-1012	1175	-18	-13152	7248	-9080	1404	200	97	111	137	4
8952	-3508	9108	140	-495	-1346	8008	-328	-6096	3215	-2736	35	-22848	-7400	-8608	1127	-747	-463	-7456	9872	10728	207	-1	-72	-12000	896	-10584	-668	669	31	-11952	8304	-10952	1028	551	111	113	137	4
-1288	-4576	10272	-50	-1733	-1510	-8304	3016	-6760	2535	-3274	287	-16216	3544	-8768	1956	-549	-40	-7272	8952	12624	132	-31	-129	-15552	-5008	-8664	747	184	115	-18880	2520	-7984	85	621	-137	148	132	4
-8264	-3476	8604	-349	-2981	-1911	-10464	4160	-12352	1713	-3893	346	-12312	9192	-8336	1370	-262	544	-7552	7792	12888	245	30	-84	-19560	-2880	-7992	1852	-83	414	-19336	-1720	-4792	-510	654	-408	150	137	4
-11700	-3624	5356	-455	-3507	-2317	-2392	4768	-14320	333	-4174	429	-11664	8256	-6776	152	-275	695	-7552	8856	12040	323	83	-47	-18464	4200	-4848	1506	-188	363	-18216	-1368	-3264	-203	909	-323	144	138	4
-14352	-3340	4288	-611	-2940	-2678	-3616	920	-17472	-332	-4195	158	-9856	3648	-4608	-755	-235	676	-7536	8920	11480	246	76	-7	-14768	5424	-3112	193	-236	140	-14552	2816	-528	297	978	-60	133	136	4
-21976	-4476	6924	-645	-2282	-3030	-7960	-3080	-20320	44	-4342	82	-9544	-1992	-2040	-921	-61	385	-7464	9616	11232	73	19	-3	-12752	4480	-1664	-564	-296	53	-13392	6648	2120	502	974	158	131	136	4
-26340	-20	5992	-927	-1817	-2781	-9280	-3672	-20488	636	-4195	44	-11592	-3792	-472	-462	318	90	-7360	9456	11512	-65	-38	-49	-14240	2152	-1440	-530	-289	94	-14832	7552	2704	430	856	188	125	146	4
-27436	44	5952	-982	-1739	-2675	-8984	-3504	-23024	1098	-3679	35	-12600	-664	-248	1	667	-16	-7392	9240	11920	-150	-44	-74	-16400	1176	-968	-39	-138	93	-16104	6824	2648	198	648	33	137	130	4
-32768	-2460	6896	-1060	-1623	-2246	-10368	-3688	-20528	609	-3157	107	-14800	448	-1128	-341	857	167	-7592	8904	12096	-143	-47	-76	-17144	1096	-1744	304	24	94	-16464	6096	520	-106	412	-114	117	131	4
-32768	-4016	6108	-781	-1784	-1317	-12320	-3608	-21256	422	-2673	13	-18184	-1880	1528	-587	761	324	-7760	8496	12208	-106	-27	-42	-15920	2648	-3192	180	62	79	-16464	6216	48	-185	369	-136	119	138	4
-32044	-1824	4876	-565	-1507	-1173	-12496	-3616	-21416	392	-2595	-29	-18144	-3984	2688	-694	881	420	-7576	8952	12232	-107	-16	-17	-15840	3256	-2440	-220	63	21	-15992	3768	784	-828	461	-13	115	144	4
-28344	44	3456	-837	-1011	-878	-13000	-1176	-18600	-785	-1693	-279	-15680	-4528	1688	-635	1143	427	-7312	9416	12160	-88	-7	-23	-17112	2808	-1392	-535	50	-32	-16744	3760	608	-612	558	47	134	128	4
-23004	920	2940	-910	-415	-353	-13096	-1184	-15760	-1060	-1315	-401	-15832	-3096	-720	-712	1123	690	-7632	8816	12144	-71	-2	-23	-16928	1416	-3704	-559	46	-28	-16248	3864	-1584	-400	652	38	134	133	4
-18156	-312	2820	-818	444	209	-14104	-1496	-14312	-1021	-1101	-436	-16584	-1120	-2584	-912	1181	886	-7440	8920	12104	-53	9	6	-16792	1792	-4352	-305	37	-35	-15280	4432	-2784	-216	665	-70	127	138	4
-32768	-32768	5560	-257	1633	142	-13848	-1920	-21800	-268	-968	-332	-17464	-1480	-568	-852	1252	892	-7720	8832	12352	-52	-11	21	-15920	2304	-5504	-204	-73	-24	-14680	4144	-3464	-170	697	-210	121	131	4
-360	2444	280	393	-974	-303	-15936	-1016	-216	-522	-500	-437	-18208	-2968	-4824	-732	1450	796	-7624	9264	12040	-39	-16	28	-15760	2944	-4424	-177	-117	-62	-14952	4488	-3656	-186	690	-191	124	133	4
-7140	-10108	13696	635	-1271	-665	-21192	-2984	-5712	711	-610	-55	-20368	-2920	-4296	-402	1774	420	-7504	8792	12160	-11	-18	29	-16864	1696	-2736	24	-168	-55	-16408	4744	-992	44	580	-58	124	133	4
-7064	-11764	14212	275	-1264	-714	-17528	-2296	-3312	1478	-918	-44	-19880	8	784	358	1452	275	-7384	9104	11880	-12	-23	32	-16856	2072	-1432	274	-110	-73	-17232	5784	888	208	582	58	118	134	4
-7360	-9432	13044	122	-1064	-531	-19296	2472	-4880	1307	-882	-209	-19912	1104	2024	807	1233	416	-7336	9416	12384	-20	-25	16	-16448	3472	328	294	-15	-89	-17024	6648	-408	175	502	82	115	130	4
-1456	-8300	18012	521	-383	-564	-20056	2768	-3496	401	-1010	-243	-17360	2648	1840	1084	1322	822	-7424	9072	12208	-48	-30	-6	-16080	4096	-1064	-146	84	-115	-15880	6528	-560	-359	257	17	118	132	4
-8268	-10536	15116	72	-61	-429	-22136	3720	-1848	-382	-1020	-205	-19328	1224	4192	1135	1434	771	-7216	9096	12280	-18	-20	-28	-16008	3512	-2472	-717	172	-180	-16072	4936	-1648	-842	145	-147	106	131	4
-7636	-10364	12308	-161	95	-148	-20136	-4392	-432	74	-1047	-336	-22040	1776	4168	858	1514	613	-7456	8864	12264	14	-10	-33	-16448	1632	-2944	-778	188	-215	-16112	2528	-1496	-741	96	-275	111	133	4
-8132	-7756	11744	-233	127	-116	-14624	-5768	-4920	314	-852	-552	-16592	-1624	2640	39	1190	748	-7624	8560	11984	19	-9	-20	-15808	-96	-2752	-365	237	-209	-15304	1784	-536	-314	-18	-281	112	133	4
-7904	-9384	10636	-124	71	-100	-13752	-3920	-1184	175	-766	-178	-10880	-6168	-1064	-514	1326	407	-7464	9080	12040	-25	-33	-16	-15608	936	-2512	189	298	-163	-16136	2128	40	381	-30	-266	108	134	4
-7712	-8228	10984	-17	4	-79	-13600	-1104	-216	-35	-781	-179	-14624	-5928	432	-451	1022	-136	-7400	9232	12264	-20	-29	-40	-16352	3088	-2096	310	304	-136	-17712	2256	464	1060	-158	-224	118	131	4
-7536	-8576	11020	40	-30	-86	-14152	-2368	3136	-874	-536	-235	-20496	-6864	3576	136	71	-403	-6976	9344	12376	23	-19	-91	-17064	1944	-1920	232	361	-157	-19072	2128	1032	1416	-474	-238	106	135	4
-7496	-9544	11136	85	-49	-53	-15704	-5560	4616	-479	-223	-222	-23856	-8088	1472	400	-459	-466	-7632	9192	12184	58	-36	-160	-17416	920	-1576	570	450	-64	-16720	2200	-1424	1492	-576	-18	114	134	4
-7576	-8832	11304	84	-56	-8	-16184	-6808	1280	389	66	-151	-15992	-4344	3560	264	-399	-206	-8112	10400	11728	208	-134	-264	-16080	1688	-4000	801	377	89	-16296	3288	-2192	1436	-608	42	119	136	4
-7940	-8408	11620	74	-48	-21	-15368	-3624	-2264	939	207	-73	-13272	-1952	880	201	-37	21	-7256	9280	12008	233	-103	-332	-15600	1376	-4472	693	450	45	-15552	3888	-1808	1181	-598	49	118	133	4
-7560	-8328	11564	71	-44	-37	-16216	184	-2984	667	226	-67	-14080	-1400	-2552	139	331	170	-7592	7896	12448	188	-62	-323	-16032	-160	-4424	585	463	1	-15336	3312	-2576	842	-517	70	115	132	4
-7600	-8324	11636	25	-8	-57	-16832	-2040	-2920	254	135	-76	-15704	-848	-3672	432	353	215	-7232	7952	12008	225	-92	-275	-15752	304	-4488	530	434	-12	-14880	1768	-4480	411	-354	43	114	133	4
-7692	-8552	11320	22	-5	-55	-15880	-3968	-2760	260	96	-116	-17200	-1136	-4816	664	249	221	-7704	8648	12048	205	-54	-249	-15368	1128	-6672	185	298	43	-15400	1256	-5432	120	-304	-10	116	133	4
-7584	-8612	11304	21	4	-30	-15952	-3992	-2704	430	84	-70	-16608	-968	-4424	482	166	228	-7832	8304	11776	185	-58	-175	-15760	424	-7312	-11	132	20	-14992	2264	-5928	22	-145	-56	124	134	4
-7676	-8392	11548	13	7	-26	-15824	-3144	-3032	391	64	-23	-14768	336	-2704	257	113	78	-7992	8192	11568	112	-75	-58	-15560	-296	-7344	-1	-27	-15	-14664	2784	-5376	-132	122	-53	124	135	4
-7620	-8296	11612	6	11	-23	-15520	-2008	-2992	189	31	-30	-15088	880	-1952	-9	152	-28	-7896	8184	11352	19	-99	86	-14528	344	-6296	81	-161	-3	-14496	3264	-4416	-453	262	-28	117	132	4
-7604	-8360	11500	3	13	-23	-15744	-1664	-1944	-86	18	-47	-15752	200	-1608	-253	216	-8	-7744	8936	11384	-54	-190	151	-14128	2568	-5072	-96	-233	19	-14024	3072	-3456	-766	327	-53	118	131	4
-7656	-8296	11536	-2	13	-15	-15680	-2680	-1560	-251	28	-65	-16944	-1224	-1472	-235	305	-17	-7600	9656	11376	-170	-251	153	-15088	3984	-4016	-463	-278	9	-14824	4440	-2440	-828	380	41	121	131	4
-7624	-8340	11428	7	5	-19	-15440	-2976	-2120	-151	62	-93	-17296	-2624	-2232	-116	237	-8	-7320	9448	11864	-344	-134	54	-17000	2744	-3432	-729	-314	-42	-17080	4296	552	-1012	420	194	113	131	4
-7624	-8380	11560	-11	14	-16	-16064	-4200	-2144	54	84	-71	-17024	-3200	-3888	-63	169	23	-6984	8792	12752	-290	-69	1	-17416	8	-3184	-718	-283	-51	-17920	2256	1448	-1066	347	184	122	131	4
-7644	-8536	11584	-15	21	-16	-16096	-4200	-2816	185	93	-32	-15784	-2888	-4208	49	147	16	-7064	8568	12848	-203	-39	-8	-17712	-1120	-2576	-107	-177	-28	-17464	2072	2000	-562	313	83	125	130	8
-7640	-8592	11384	-4	15	-6	-15664	-3936	-2440	151	83	34	-15400	-2072	-3896	42	130	-36	-7176	8632	12856	-120	-15	1	-16856	72	-2312	328	-90	26	-17608	2784	2248	-81	257	45	124	130	8
-7628	-8452	11404	19	-3	9	-15328	-2016	-2704	36	66	29	-15536	-936	-3208	-76	131	-43	-7224	8648	12680	-53	0	-6	-16152	1904	-2008	343	-20	44	-16408	3104	944	204	196	23	144	130	8
-7672	-8264	11596	22	-11	-1	-15680	-1384	-2552	-349	36	21	-15688	-160	-3080	-233	127	-39	-7216	8664	12664	-30	5	-8	-16088	2008	-2032	89	52	-3	-15648	3048	-352	268	103	-53	123	130	8
-7604	-8264	11632	6	3	-5	-16304	-2576	-2384	-410	2	-7	-16112	-280	-2824	-294	103	-23	-7224	8520	12624	-37	6	12	-15744	1616	-2960	-196	85	-41	-15968	4184	-1256	174	117	-11	114	130	8
-7576	-8120	11684	-15	11	-14	-15744	-3344	-2448	-224	31	-24	-16136	-584	-3192	-277	45	-23	-7360	8568	12280	-33	11	18	-15968	1704	-3864	-463	69	-57	-15424	3344	-3048	-43	138	-15	120	130	8
-7660	-8308	11460	-16	12	-23	-15184	-4040	-2768	91	50	8	-15544	-1696	-3776	-215	-10	-41	-7360	8744	12200	-43	-7	20	-15984	1584	-4632	-545	29	-55	-15840	3536	-3712	-229	127	70	124	130	8
-7676	-8368	11428	5	0	-18	-15552	-3224	-2672	238	63	16	-15336	-2360	-4032	-106	-4	-83	-7496	8696	12152	-65	-22	25	-15976	1144	-4976	-467	-16	-39	-15360	3592	-4120	-453	214	110	122	130	8
-7636	-8436	11436	23	-6	-22	-16008	-2392	-2768	114	54	28	-15424	-1944	-3792	-1	12	-82	-7464	8536	12448	-79	-36	32	-15656	896	-4920	-297	-55	-5	-15248	3240	-3848	-587	221	53	118	130	8
-7596	-8256	11556	17	-5	-18	-15960	-2200	-2784	-80	23	11	-15800	-1408	-3496	31	41	-11	-7224	8536	12368	-84	-49	29	-15816	864	-4424	-129	-96	34	-15744	3336	-3120	-620	235	37	117	130	8
-7640	-8136	11556	2	3	-14	-15880	-2600	-2856	-164	-1	0	-16264	-968	-3600	44	65	51	-7216	8760	12496	-72	-50	27	-16608	1664	-3944	6	-117	79	-16248	3440	-3088	-605	241	77	118	130	8
-7556	-8236	11528	-2	3	-23	-15672	-2848	-2608	-115	-1	1	-15856	-888	-3392	70	58	61	-7184	8584	12488	-50	-47	22	-16840	1536	-3736	-37	-151	72	-16512	3016	-2424	-524	185	75	125	131	8
-7624	-8272	11576	-6	9	-27	-15712	-3216	-2480	8	15	4	-15720	-1096	-3216	127	20	24	-7200	8664	12576	-28	-38	17	-16416	1472	-3536	-65	-141	48	-16488	2920	-1296	-381	134	55	131	131	8
-7628	-8328	11560	-11	10	-29	-15888	-3032	-2320	125	33	10	-15856	-968	-2992	172	-5	-7	-7136	8488	12600	-1	-14	14	-16304	1520	-3288	-84	-127	42	-16176	2704	-672	-221	119	69	120	131	8
-7588	-8388	11532	-19	16	-23	-15888	-2616	-2552	122	43	14	-15896	-1360	-3448	108	-16	-29	-7264	8552	12608	1	-6	9	-16128	1352	-2784	-12	-102	50	-15856	3408	-544	52	83	56	117	130	8
-7640	-8360	11540	-22	21	-19	-15904	-2688	-2608	54	20	10	-15920	-1144	-3312	-16	-11	-18	-6984	8560	12488	-5	-12	8	-15984	1176	-2544	2	-100	52	-15864	4240	-784	201	50	73	120	130	8
-7596	-8364	11448	-15	17	-14	-15656	-2616	-3136	-57	12	10	-15840	-1232	-3616	-109	-8	7	-7096	8632	12640	-8	-11	8	-16032	2280	-3064	66	-31	46	-16152	4752	-904	180	-22	57	120	131	8
-7624	-8352	11424	-12	12	-19	-15504	-2464	-2768	-112	-2	11	-15600	-1088	-3568	-133	-6	24	-7112	8632	12344	-5	-16	-1	-16208	2168	-3224	-44	-12	28	-15568	4488	-1552	54	-32	32	125	131	8
-7628	-8252	11572	-15	15	-23	-15768	-2872	-2792	-134	-8	12	-15712	-1296	-3456	-114	-34	28	-7336	8336	12384	-13	-21	-5	-15864	1528	-3704	-109	0	19	-15472	3576	-2096	-71	12	19	123	131	8
-7692	-8348	11436	-26	19	-26	-15832	-3016	-2432	-61	-1	19	-16168	-1368	-3280	-58	-43	15	-7056	8688	12656	3	-13	3	-16216	1152	-4080	-43	-3	30	-15992	3616	-2456	-42	21	6	112	131	8
-7568	-8356	11468	-16	15	-17	-15504	-2712	-2368	-18	11	21	-15760	-1312	-3080	-25	-28	-1	-7160	8552	12648	19	-5	4	-16768	1312	-4184	72	-23	39	-15552	3232	-2672	-1	29	23	119	131	8
-7676	-8328	11448	-18	14	-21	-15656	-2672	-2448	0	17	13	-15608	-1448	-3192	-25	-22	-1	-7192	8568	12528	23	-2	-2	-16344	1704	-3616	111	-60	47	-16040	3976	-2280	103	38	30	123	131	8
-7580	-8200	11512	-18	15	-17	-15544	-2792	-2632	-19	15	9	-15760	-1240	-3200	-17	-14	3	-7232	8560	12608	24	-4	-1	-16208	1968	-3736	90	-60	31	-16032	3960	-1864	137	58	45	127	130	8
-7640	-8312	11544	-13	12	-15	-15680	-2656	-2552	-31	17	13	-15720	-1320	-3328	-21	-6	0	-7032	8664	12376	28	2	-7	-16128	1800	-3200	33	-65	33	-15976	3872	-1832	93	29	23	119	130	8
-7604	-8372	11480	-11	11	-17	-15792	-2728	-2680	-32	22	13	-15680	-1408	-3248	-6	1	6	-7000	8600	12576	33	3	-8	-16112	1064	-3248	41	-53	32	-15912	3536	-1760	14	-5	25	119	131	8
-7620	-8288	11528	-20	23	-17	-16032	-2528	-2856	-11	13	9	-16048	-952	-3664	-5	18	25	-7048	8544	12928	44	11	-11	-16336	1392	-3512	121	-39	44	-16104	4216	-1624	52	2	33	119	131	8
-7552	-8308	11496	-25	18	-13	-15792	-2400	-2920	-40	2	0	-15544	-816	-3536	-24	28	44	-7120	8680	12496	48	12	-12	-16328	2024	-3240	95	-34	41	-15616	4168	-2056	54	27	30	122	131	8
-7648	-8280	11464	-23	24	-21	-15680	-2680	-2864	-56	-16	-11	-15472	-776	-3360	-41	22	28	-7008	8784	12472	46	12	-12	-16240	2184	-3264	29	-28	28	-15848	4624	-1864	58	24	6	125	131	8
-7708	-8344	11488	-26	21	-28	-15536	-2840	-2568	-36	-15	-9	-15688	-872	-3520	-58	10	20	-7040	8720	12472	41	12	-21	-16360	1904	-3048	-45	-25	13	-15896	4176	-2056	-22	52	12	121	131	8
-7708	-8404	11484	-13	16	-26	-15672	-2648	-2664	-29	-17	-2	-15672	-1360	-3120	-77	-7	-15	-7040	8568	12568	41	9	-22	-16176	1376	-3592	-14	-20	21	-15864	3664	-1648	-59	31	0	121	131	8
-7592	-8472	11428	-14	16	-21	-15776	-2856	-2368	-10	-11	-2	-15768	-1672	-3504	-59	-22	-12	-7264	8600	12384	42	13	-15	-16224	1424	-3328	80	-11	17	-15592	3432	-2088	-4	30	15	121	131	8
-7640	-8392	11464	-15	15	-21	-15656	-2784	-2536	-1	-4	-6	-15984	-1808	-3288	-45	-10	17	-7168	8648	12568	34	6	-20	-15992	1624	-3488	84	-21	35	-15536	3496	-2096	90	29	18	120	131	8
-7656	-8316	11512	-16	18	-20	-15808	-2464	-2672	1	0	-3	-15936	-1504	-3440	11	2	36	-7232	8688	12680	32	9	-17	-16280	1672	-3344	72	-13	24	-15632	3920	-2424	185	40	9	121	131	8
-7620	-8276	11504	-15	12	-24	-15656	-2632	-2704	-14	2	-10	-15720	-1232	-3344	47	21	48	-7104	8576	12536	37	12	-25	-16480	2040	-3400	22	-21	19	-15760	4520	-2624	178	62	-7	123	131	8
-7660	-8328	11524	-11	10	-22	-15552	-2880	-2528	-3	-2	-11	-15600	-1112	-3232	79	7	37	-7176	8768	12488	36	11	-26	-16288	1672	-3464	9	-36	8	-16008	4552	-2160	84	63	-17	120	131	8
-7652	-8364	11364	-9	4	-26	-15696	-2768	-2336	23	19	-7	-15776	-1048	-3328	74	0	9	-7128	8888	12424	27	8	-31	-16128	1304	-3280	43	-26	4	-15880	4176	-2672	-21	69	-1	120	131	8
-7636	-8344	11528	-9	12	-20	-15840	-2768	-2624	49	17	-7	-15888	-1024	-3472	31	4	2	-7192	8552	12552	34	5	-29	-16176	1608	-3528	65	-28	17	-15752	4080	-2320	-50	25	-2	121	131	8
-7656	-8308	11564	-13	14	-18	-15888	-2600	-2704	61	3	-11	-15792	-1184	-3512	-22	25	14	-7112	8856	12456	31	8	-30	-16288	1816	-3400	42	-27	12	-15520	3760	-2456	-22	18	-9	122	131	8
-7660	-8276	11492	-12	14	-15	-15656	-2488	-2840	-17	-2	-12	-15656	-912	-3672	-28	30	32	-7240	8768	12208	32	9	-28	-16144	2000	-3464	-2	-32	2	-15728	3784	-2144	50	46	-20	121	131	8
-7636	-8292	11460	-10	14	-23	-15712	-2544	-2656	-84	-16	-17	-15576	-1128	-3536	-41	20	27	-7176	8520	12528	27	12	-29	-16088	1384	-3440	-11	-32	0	-15456	2976	-2240	70	53	-40	123	131	8
-7608	-8376	11516	-18	18	-22	-15824	-2680	-2528	-66	-13	-18	-16120	-1432	-3520	-13	-2	17	-7288	8632	12440	26	2	-22	-16016	1352	-3448	71	-22	3	-16352	3752	-1568	173	46	-40	119	131	8
-7576	-8332	11448	-15	17	-21	-15728	-2712	-2352	-22	9	-17	-16056	-1320	-3168	14	11	14	-7120	8840	12448	25	-2	-21	-16208	1576	-3072	133	-15	16	-16232	3880	-1640	183	44	-31	124	131	8
-7640	-8320	11372	-16	13	-20	-15608	-2840	-2576	63	13	-21	-15576	-1296	-3328	5	20	17	-7136	8816	12432	30	-5	-27	-16360	2048	-2904	119	-7	17	-16112	4280	-1864	148	-5	30	120	131	8
-7644	-8340	11440	-6	10	-22	-15664	-2640	-2920	48	15	-23	-15808	-1376	-3488	11	18	22	-7120	8544	12320	27	1	-22	-16376	1864	-3224	37	10	-2	-15688	4024	-2192	73	-21	11	121	131	8
-7588	-8268	11564	-9	16	-25	-15664	-2464	-2808	15	11	-15	-15712	-1120	-3696	45	11	20	-7176	8400	12280	29	3	-24	-15992	1544	-3304	-11	1	-2	-15736	3832	-2016	44	-6	-14	121	131	8
-7708	-8316	11528	-10	14	-24	-15680	-2680	-2824	-32	11	-16	-15608	-1080	-3168	39	3	25	-7224	8664	12512	20	4	-23	-15944	1440	-3328	-1	17	-4	-15880	3616	-1800	51	14	-15	121	132	8
-7600	-8376	11432	-10	12	-25	-15568	-2896	-2512	-9	16	-22	-15856	-1336	-3568	35	-9	25	-7232	8632	12576	21	-2	-18	-16176	1384	-3072	54	28	-4	-15864	3912	-1776	47	21	-11	121	132	8
-7620	-8352	11600	-12	14	-24	-15712	-2920	-2568	43	30	-21	-15920	-1368	-3416	30	7	19	-7016	8680	12448	14	-2	-22	-16304	1680	-3048	52	29	10	-15848	4296	-2208	14	-10	13	119	132	8
-7596	-8320	11468	-8	9	-26	-15768	-2776	-2728	62	24	-21	-15632	-1152	-3736	22	18	25	-7064	8728	12584	14	-6	-26	-16360	1784	-3496	-31	27	5	-15664	4032	-2384	-37	-8	13	122	132	8
-7624	-8280	11464	-8	16	-27	-15696	-2200	-2768	23	16	-16	-15624	-920	-3584	10	19	24	-7216	8672	12376	15	-3	-24	-16448	1520	-3736	-88	22	-9	-15768	3688	-2744	-53	19	5	122	132	8
-7660	-8368	11432	-12	13	-26	-15728	-2712	-2832	-43	15	-27	-15616	-1312	-3600	7	12	21	-7280	8632	12552	16	1	-19	-16096	1104	-3608	-66	18	-11	-16168	3488	-2440	-79	43	7	123	133	8
-7692	-8312	11448	-8	13	-33	-15688	-3176	-2640	-4	11	-23	-15800	-1488	-3512	23	12	27	-7296	8616	12424	11	-1	-19	-16040	1312	-3224	5	23	5	-15752	3704	-2128	-35	17	17	120	133	8
-7628	-8352	11368	-6	13	-32	-15672	-3024	-2600	66	22	-16	-15800	-1536	-3424	49	8	33	-7112	8680	12344	15	-2	-20	-16272	1544	-3008	20	32	10	-15848	3632	-2320	-13	-21	15	123	133	8
-7604	-8364	11528	-9	18	-24	-15824	-2640	-2584	87	31	-19	-15712	-1288	-3560	40	22	36	-7192	8632	12432	11	-9	-21	-16152	1712	-3480	3	38	7	-15720	3768	-2232	59	-7	-10	121	133	8
-7664	-8364	11480	-14	15	-25	-15760	-2544	-2728	81	26	-15	-15808	-1168	-3544	41	21	44	-7136	8816	12464	14	-6	-25	-16320	1696	-3456	-39	27	9	-15768	3816	-2336	94	20	-7	121	133	8
-7628	-8368	11488	-16	19	-26	-15832	-2640	-2792	-22	15	-16	-15816	-1392	-3680	37	18	46	-7232	8760	12440	26	-2	-23	-16120	1352	-3640	-20	18	10	-15784	3680	-2288	97	25	-8	121	133	8
-7608	-8344	11560	-14	17	-26	-15712	-2640	-2592	-26	15	-13	-15752	-1616	-3392	50	16	37	-7184	8520	12584	29	5	-25	-16184	1248	-3696	47	25	13	-15616	3752	-1984	60	31	5	121	133	8
