#Activity	standing sitting_down sitting 
#ActivityID	8 6 5 
#Date 08-18-11-51
acc_rf_x	acc_rf_y	acc_rf_z	gyro_rf_x	gyro_rf_y	gyro_rf_z	acc_rs_x	acc_rs_y	acc_rs_z	gyro_rs_x	gyro_rs_y	gyro_rs_z	acc_rt_x	acc_rt_y	acc_rt_z	gyro_rt_x	gyro_rt_y	gyro_rt_z	acc_lf_x	acc_lf_y	acc_lf_z	gyro_lf_x	gyro_lf_y	gyro_lf_z	acc_ls_x	acc_ls_y	acc_ls_z	gyro_ls_x	gyro_ls_y	gyro_ls_z	acc_lt_x	acc_lt_y	acc_lt_z	gyro_lt_x	gyro_lt_y	gyro_lt_z	EMG_r	EMG_l	act
-9740	-2740	13260	285	-86	-150	-15888	1928	-3256	202	-223	65	-15824	-1012	-3052	-72	-636	173	-9336	3408	12824	-7	5	-22	-15928	3592	-3912	36	-48	21	-16216	2624	-1136	20	-48	4	128	124	8
-9708	-2628	13256	237	-128	-133	-15896	1980	-3372	-42	-262	44	-15900	-1256	-3156	-196	-666	115	-9496	3536	12608	-5	8	-19	-15760	3544	-4056	30	-52	16	-16104	2496	-856	20	-39	-3	132	126	8
-9700	-2676	13292	219	-70	-151	-15876	1772	-3236	-84	-275	64	-15848	-1420	-2944	-221	-741	167	-9408	3512	12680	-4	10	-15	-15824	3696	-3888	7	-49	18	-16120	2680	-880	36	-35	1	131	126	8
-9720	-2688	13148	172	-83	-178	-15980	1936	-3172	5	-322	46	-15932	-1360	-3160	-53	-670	144	-9464	3448	12816	-6	13	-21	-15880	3640	-4032	6	-53	12	-16200	2744	-608	27	-31	7	126	127	8
-9712	-2644	13304	175	-65	-132	-15860	1884	-3324	37	-374	38	-15980	-1288	-2888	104	-662	195	-9480	3592	12712	-4	8	-20	-15896	3720	-4000	3	-58	20	-16216	2704	-904	21	-34	9	124	126	8
-9704	-2708	13348	179	-114	-147	-15956	1948	-3164	-59	-356	79	-15924	-1300	-2684	185	-546	169	-9408	3488	12696	-7	8	-23	-15672	3752	-3912	2	-49	16	-16112	2496	-568	13	-36	4	124	127	8
-9700	-2716	13288	174	-30	-177	-15828	1844	-3076	70	-417	25	-15940	-1372	-2552	93	-439	205	-9352	3584	12624	-9	12	-21	-15864	3656	-3656	8	-48	13	-16192	2648	-712	21	-28	4	122	126	8
-9688	-2788	13204	226	-82	-178	-15832	1904	-3032	94	-357	80	-15960	-1324	-2568	305	-514	161	-9480	3608	12552	-12	9	-25	-15800	3632	-3816	5	-44	19	-16232	2448	-440	28	-35	-1	119	127	8
-9652	-2776	13364	210	-62	-140	-15880	1916	-3000	85	-292	6	-15988	-1296	-2580	93	-566	155	-9480	3520	12752	-6	10	-23	-15840	3832	-3808	3	-43	16	-16208	2560	-624	32	-33	-3	132	125	8
-9664	-2776	13300	217	-78	-120	-15872	1872	-2948	98	-265	39	-15992	-1304	-2516	16	-465	168	-9296	3368	12536	-10	8	-25	-15832	3632	-3776	11	-44	10	-16208	2736	-616	60	-22	-2	126	128	8
-9648	-2748	13216	207	-130	-139	-15932	1928	-3116	159	-205	58	-16024	-1216	-2660	-91	-404	106	-9336	3528	12544	-10	5	-23	-15984	3608	-3832	30	-47	16	-16248	2552	-504	62	-35	-1	130	131	8
-9644	-2752	13316	196	-72	-148	-15944	1976	-2920	66	-154	-10	-16080	-1304	-2556	-50	-362	114	-9400	3528	12648	-11	13	-26	-15912	3616	-3856	31	-46	17	-16208	2664	-432	61	-35	-6	128	119	8
-9640	-2660	13312	181	-36	-130	-15916	1844	-2928	97	-167	1	-16068	-1228	-2736	-36	-389	154	-9328	3496	12616	-7	11	-24	-15856	3720	-3616	14	-41	15	-16128	2744	-528	36	-35	0	127	122	8
-9668	-2692	13280	164	-26	-137	-15832	1884	-3068	135	-149	23	-16092	-1320	-2644	-5	-383	106	-9464	3504	12504	-10	16	-26	-15768	3584	-3864	9	-37	11	-16080	2680	-408	30	-28	-1	125	125	8
-9684	-2716	13284	124	-72	-117	-15972	1868	-3020	106	-162	19	-15904	-1332	-2880	-49	-371	141	-9296	3616	12640	-7	12	-26	-15888	3800	-3592	12	-34	16	-16112	2792	-464	22	-33	1	124	123	8
-9592	-2680	13244	162	0	-158	-15996	1928	-3064	119	-187	3	-15984	-1328	-2760	45	-360	99	-9272	3616	12528	-9	13	-25	-15912	3816	-3552	3	-26	10	-16144	2704	-320	21	-25	-5	124	124	8
-9724	-2716	13376	126	15	-138	-15868	1924	-3032	150	-230	17	-16024	-1348	-2600	109	-348	140	-9440	3696	12632	-5	16	-30	-15872	3696	-3696	-23	-21	10	-16256	2616	-320	13	-27	-2	124	127	8
-9680	-2772	13296	122	23	-183	-15904	1892	-3060	93	-228	-38	-15924	-1292	-2832	103	-277	180	-9224	3440	12600	-10	13	-29	-15832	3512	-3680	-14	-19	7	-16088	2600	-536	10	-34	-1	124	124	8
-9604	-2760	13304	119	64	-161	-15900	1968	-3120	47	-194	-32	-15900	-1112	-2896	57	-336	185	-9440	3568	12504	-10	15	-30	-15880	3768	-3776	5	-20	11	-16080	2688	-616	11	-26	-2	123	122	8
-9664	-2660	13136	223	134	-129	-15996	2012	-3176	-178	-296	-73	-15896	-1176	-2876	-179	-267	119	-9336	3560	12600	-16	11	-30	-15824	3728	-3704	-14	-24	9	-16048	2568	-584	28	-17	-4	121	122	8
-9704	-2784	13404	181	131	-114	-15880	1924	-3212	-458	-289	-115	-15836	-1168	-2868	-304	-187	136	-9376	3520	12680	-13	9	-32	-15792	3584	-3640	-12	-22	6	-16008	2560	-768	40	-4	-3	125	123	8
-9800	-2664	13324	165	86	-157	-15848	2020	-3172	-264	-322	-73	-15932	-1160	-2708	-310	-159	138	-9408	3584	12608	-8	10	-32	-15872	3656	-3464	3	-28	6	-16272	2600	-360	22	-12	-3	121	124	8
-9656	-2636	13428	156	34	-130	-15956	1904	-2964	-179	-350	-44	-16032	-1232	-2732	-224	-143	130	-9360	3424	12488	-12	12	-29	-15952	3728	-3792	1	-31	16	-16272	2656	-256	9	-6	-4	126	125	8
-9748	-2708	13304	102	132	-219	-15984	1892	-2976	-31	-396	-59	-16016	-1272	-2444	-278	-143	132	-9432	3704	12656	-15	11	-27	-15872	3696	-3696	-23	-14	10	-16104	2472	-264	-23	-10	5	129	125	8
-9672	-2748	13276	52	76	-189	-15960	1868	-2940	-194	-329	-85	-16064	-1452	-2404	-441	-95	111	-9424	3648	12592	-13	2	-27	-15872	3608	-3616	-18	-10	10	-16192	2608	-24	-21	-14	-2	127	126	8
-9704	-2692	13232	73	64	-160	-15868	1904	-2840	-311	-289	-64	-16032	-1604	-2484	-303	-125	65	-9424	3760	12504	-9	7	-24	-15952	3576	-3448	-11	-5	12	-16128	2568	-656	-19	-12	2	125	126	8
-9696	-2764	13240	115	59	-136	-15948	1848	-2876	-267	-238	-16	-16084	-1480	-2384	-279	-170	85	-9296	3536	12608	-9	11	-22	-15880	3624	-3704	-10	-3	17	-16168	2624	-304	4	-7	-3	126	125	8
-9672	-2740	13264	99	43	-135	-15876	1932	-2896	-260	-208	-20	-15976	-1424	-2332	-168	-206	124	-9304	3536	12672	-12	13	-31	-15912	3816	-3776	-14	-8	10	-16064	2560	-360	13	2	2	123	126	8
-9708	-2668	13284	104	8	-163	-15900	1868	-2796	-140	-176	5	-15972	-1484	-2324	-144	-236	204	-9312	3616	12560	-12	11	-29	-15816	3616	-3400	-6	-3	17	-16136	2488	-664	21	-1	1	125	127	8
-9700	-2724	13220	138	29	-144	-16044	1880	-2772	25	-109	61	-16092	-1472	-2384	-24	-235	115	-9264	3584	12736	-6	14	-30	-15832	3616	-3824	5	-8	18	-16064	2536	-744	19	-4	3	129	127	8
-9680	-2688	13284	165	26	-156	-15828	1848	-2732	-43	-50	26	-15968	-1460	-2528	-13	-201	132	-9248	3576	12576	-6	14	-24	-15744	3592	-3616	10	-13	23	-16080	2496	-624	27	-10	6	128	123	8
-9652	-2688	13352	178	-30	-123	-15924	1852	-2776	-35	9	29	-16008	-1356	-2352	28	-201	128	-9360	3448	12808	-8	19	-27	-16008	3712	-3736	4	-4	25	-16304	2448	-280	27	-15	2	126	126	8
-9696	-2740	13308	200	-31	-134	-15956	1884	-2808	0	39	30	-15920	-1356	-2368	-40	-246	204	-9408	3496	12720	-11	19	-28	-15896	3656	-3704	10	-10	23	-16104	2640	-392	33	-5	8	126	123	8
-9680	-2740	13356	164	-82	-110	-15976	1992	-2864	28	57	52	-16064	-1308	-2596	31	-210	190	-9304	3568	12768	-10	18	-29	-15864	3728	-3912	15	-9	27	-16072	2808	-472	35	-2	9	128	123	8
-9756	-2708	13296	179	-42	-133	-15936	1904	-2980	-11	59	33	-15952	-1316	-2688	125	-187	202	-9328	3504	12568	-7	17	-27	-15896	3536	-3848	10	-11	25	-16136	2688	-536	36	4	9	127	128	8
-9752	-2760	13340	206	-77	-98	-15924	1904	-2912	36	16	47	-15932	-1372	-2664	115	-144	220	-9496	3640	12552	-3	15	-27	-15784	3552	-3536	22	-16	25	-16128	2640	-680	34	7	14	129	127	8
-9680	-2736	13404	141	33	-144	-15988	1996	-2860	100	-2	52	-16044	-1344	-2800	241	-113	253	-9344	3568	12384	-2	15	-29	-15952	3624	-3744	27	-18	30	-16008	2472	-480	34	8	8	123	126	8
-9704	-2704	13320	150	-60	-165	-15916	1920	-2880	22	17	45	-15932	-1316	-2468	167	-139	220	-9408	3464	12600	-3	18	-28	-15880	3688	-3608	25	-14	27	-15960	2680	-600	32	-1	9	120	127	8
-9656	-2772	13296	156	-72	-157	-15912	1856	-2764	100	47	34	-16004	-1412	-2484	182	-215	239	-9376	3608	12376	-4	19	-31	-15920	3736	-3424	6	-16	22	-16144	2760	-488	35	2	5	124	126	8
-9660	-2704	13284	158	-12	-163	-15988	1936	-2804	224	14	38	-16024	-1264	-2468	219	-161	225	-9376	3536	12592	-3	22	-28	-15952	3680	-3992	19	-10	27	-16104	2704	-312	33	7	9	128	125	8
-9668	-2820	13316	176	-85	-111	-15924	1980	-2816	70	66	72	-16040	-1264	-2512	146	-125	198	-9304	3664	12528	2	22	-26	-15752	3736	-3752	34	-22	25	-16288	2648	-488	48	7	5	129	126	8
-9652	-2696	13312	138	22	-141	-15916	1964	-3008	97	73	-6	-16064	-1248	-2692	29	8	226	-9512	3568	12344	-2	21	-28	-15912	3776	-3720	4	2	23	-16240	2696	-568	12	19	1	129	128	8
-9648	-2692	13296	99	14	-158	-15952	1968	-2964	47	129	-13	-16036	-1296	-2648	-41	8	229	-9440	3552	12792	-6	16	-31	-15904	3768	-3728	0	3	25	-16272	2416	-432	12	17	10	128	127	8
-9696	-2736	13340	145	11	-144	-15956	1964	-2980	59	100	-3	-16008	-1212	-2788	39	-23	200	-9432	3544	12456	-8	16	-32	-15800	3568	-3712	7	-1	22	-16008	2680	-792	20	17	8	123	122	8
-9736	-2676	13360	155	-4	-133	-15876	2044	-3024	17	93	-38	-16004	-1252	-2728	19	27	171	-9456	3696	12584	-6	18	-27	-15856	3712	-3576	10	-4	24	-16152	2592	-360	25	28	6	126	125	8
-9672	-2712	13384	141	1	-145	-15848	1960	-3048	14	83	-33	-15964	-1172	-2700	68	14	202	-9312	3576	12480	-6	17	-25	-15776	3808	-3512	7	2	24	-16064	2720	-272	25	20	2	127	127	8
-9640	-2704	13272	165	-32	-146	-15864	1992	-3040	2	91	-33	-15968	-1212	-2648	45	-29	199	-9512	3696	12488	-8	18	-29	-15792	3688	-3512	6	-1	23	-16128	2816	-696	30	15	4	128	126	8
-9692	-2716	13384	162	17	-148	-15880	1952	-2988	-30	70	-34	-16024	-1284	-2608	4	-62	171	-9280	3536	12600	-13	17	-36	-15784	3848	-3744	-4	5	20	-16152	2928	-376	20	19	0	127	125	8
-9668	-2756	13276	165	6	-112	-15860	1912	-2996	18	57	-28	-15996	-1296	-2496	-117	-65	142	-9328	3528	12608	-9	17	-31	-15912	3792	-3864	-2	8	16	-16048	2768	-312	2	14	3	123	128	8
-9680	-2732	13268	162	8	-143	-15936	1960	-2948	-31	77	-42	-16052	-1240	-2728	-18	20	170	-9312	3616	12560	-13	17	-29	-15984	3840	-3736	1	10	21	-16288	2712	-360	10	10	1	125	128	8
-9696	-2656	13304	191	5	-108	-15868	1948	-3004	-12	104	-57	-16080	-1304	-2732	-74	15	180	-9488	3640	12768	-14	15	-31	-15872	3776	-3736	1	13	13	-15944	2640	-592	4	11	6	124	127	8
-9696	-2692	13304	173	7	-149	-15860	1964	-2960	37	51	9	-15932	-1296	-2684	-16	-43	155	-9360	3600	12632	-11	16	-33	-15824	3536	-3672	-1	18	16	-16344	2648	-392	20	9	5	126	123	8
-9736	-2740	13272	140	-15	-140	-15944	1956	-2892	16	78	-8	-15992	-1272	-2740	9	-63	172	-9400	3720	12648	-7	9	-35	-15712	3608	-3984	3	11	16	-16112	2656	-704	15	9	1	126	128	8
-9680	-2684	13344	133	-6	-115	-15928	1928	-3028	-5	70	-19	-16032	-1224	-2700	45	-30	126	-9344	3480	12456	-13	13	-32	-15840	3680	-3984	3	8	15	-16144	2696	-1000	15	3	4	127	125	8
-9672	-2752	13300	134	9	-142	-15844	1980	-3008	-94	54	-32	-16048	-1176	-2728	-11	-13	168	-9408	3560	12512	-13	16	-31	-15808	3704	-4016	13	-4	16	-16144	2720	-936	27	14	2	128	126	8
-9692	-2656	13292	149	15	-153	-15840	1908	-3084	-99	60	-45	-15900	-1208	-2664	-89	-60	156	-9384	3568	12296	-10	13	-31	-15848	3760	-3680	17	-10	15	-16088	2696	-840	12	18	-1	129	127	8
-9712	-2624	13260	158	34	-149	-15972	1928	-3008	38	40	-13	-15956	-1272	-2780	0	-59	150	-9312	3632	12608	-3	16	-32	-15896	3824	-3640	19	-6	21	-16240	2728	-720	25	16	-2	123	128	8
-9668	-2668	13276	165	-20	-153	-15948	1972	-2960	24	28	-7	-15988	-1240	-2752	-70	-44	170	-9304	3592	12816	-10	18	-29	-15760	3664	-3872	10	-7	16	-16192	2792	-480	17	17	-4	125	126	8
-9716	-2720	13348	175	-3	-158	-15892	1940	-3056	-14	53	-32	-15904	-1188	-2728	9	-49	161	-9448	3568	12536	-8	16	-33	-15792	3768	-3512	15	-9	15	-16080	2752	-240	19	12	-1	123	125	8
-9748	-2704	13272	158	10	-158	-15848	2008	-3088	-36	17	-47	-15976	-1352	-2848	-18	-59	170	-9488	3528	12736	-6	15	-31	-15856	3760	-3656	14	-2	17	-16296	2680	-376	6	2	1	125	129	8
-9660	-2624	13320	138	12	-143	-15860	1932	-3052	20	-21	-29	-15896	-1268	-2712	34	-73	203	-9544	3448	12504	-10	17	-30	-15864	3680	-3656	14	-5	20	-15880	2760	-696	15	5	1	125	127	8
-9672	-2736	13236	164	3	-175	-15884	1964	-2928	-2	2	-12	-16008	-1288	-2536	100	-60	155	-9288	3672	12672	-8	17	-31	-15672	3728	-3680	7	4	13	-16136	2712	-656	25	12	0	125	125	8
-9668	-2644	13292	156	26	-146	-15884	2004	-3056	0	22	-75	-16012	-1180	-2644	76	-37	143	-9432	3640	12696	-7	16	-28	-15808	3824	-3552	6	4	18	-16200	2864	-560	32	13	3	125	127	8
-9656	-2704	13272	143	15	-162	-15836	1972	-3004	36	3	-41	-15984	-1156	-2608	89	-63	144	-9424	3552	12544	-12	17	-34	-15760	3744	-3672	13	-1	17	-16112	2608	-672	17	9	0	126	125	8
-9716	-2684	13176	161	-56	-131	-15836	2036	-3044	-13	60	-73	-16004	-1184	-2576	55	-29	160	-9352	3552	12584	-13	15	-34	-15864	3768	-3672	19	-1	16	-16144	2808	-976	27	-1	-2	126	125	8
-9724	-2712	13324	169	-9	-182	-15924	1928	-3008	-18	104	-62	-15988	-1176	-2600	-104	16	128	-9416	3696	12776	-10	15	-29	-15888	3800	-3912	10	1	15	-16120	2712	-600	14	4	-2	126	127	8
-9684	-2612	13380	124	-35	-129	-15872	1976	-2996	14	89	-79	-16000	-1160	-2552	-195	14	136	-9368	3696	12624	-11	16	-31	-15904	3632	-3904	5	-1	15	-16176	2784	-328	11	6	0	126	124	8
-9700	-2748	13256	135	-8	-149	-15836	1908	-2900	49	132	-65	-16020	-1184	-2432	-283	-15	151	-9376	3520	12592	-9	10	-31	-15760	3760	-3696	-1	-1	11	-16216	2808	-488	18	9	-1	123	124	8
-9656	-2708	13392	108	29	-167	-15884	1976	-2996	24	237	-70	-16052	-1196	-2404	-397	-31	123	-9440	3560	12544	-10	17	-30	-15792	3680	-3744	2	5	16	-16024	2624	-712	13	12	-3	126	125	8
-9640	-2584	13364	41	-2	-159	-15884	1956	-2908	105	291	-60	-15980	-1212	-2340	-430	-79	135	-9264	3704	12624	-9	13	-30	-15888	3704	-3912	7	3	15	-16136	2696	-552	-2	11	-2	122	125	8
-9656	-2684	13316	130	15	-127	-15908	1896	-3072	158	324	-28	-16056	-1400	-2656	-451	-135	143	-9368	3608	12656	-10	17	-28	-15696	3792	-3800	1	6	11	-16112	2672	-800	-3	9	-6	126	123	8
-9672	-2668	13328	117	28	-73	-15936	1852	-2940	149	339	-60	-16024	-1436	-2792	-314	-253	154	-9456	3680	12712	-13	15	-31	-15672	3496	-3576	3	5	11	-16064	2648	-624	12	6	-5	127	125	8
-9636	-2692	13268	149	-10	-108	-15868	1948	-3132	149	324	-66	-15916	-1348	-2980	-129	-239	128	-9464	3648	12552	-12	10	-31	-15864	3648	-3768	17	-1	13	-16336	2616	-592	8	7	5	130	125	8
-9640	-2684	13204	183	-22	-120	-15916	1948	-3288	185	257	-50	-15920	-1376	-2948	-15	-186	120	-9496	3512	12560	-10	11	-28	-15792	3632	-3776	23	3	15	-16112	2544	-960	30	19	4	127	124	8
-9724	-2692	13304	150	43	-145	-15836	1968	-3296	195	198	-50	-16016	-1296	-2992	38	-170	139	-9584	3552	12680	-11	17	-32	-15936	3680	-3840	25	3	17	-16224	2552	-816	44	16	-5	126	126	8
-9680	-2596	13316	182	-42	-170	-15804	2012	-3332	138	163	-31	-15876	-1248	-3064	59	-65	180	-9416	3608	12768	-13	17	-29	-15824	3680	-3832	13	-4	17	-16080	2736	-536	46	8	0	122	124	8
-9684	-2728	13288	177	-17	-155	-15924	1928	-3324	149	79	-77	-15868	-1296	-3076	198	-24	177	-9544	3600	12736	-8	13	-31	-15736	3656	-3800	3	4	16	-16096	2832	-432	37	14	1	125	129	8
-9708	-2716	13244	144	-46	-127	-15928	1924	-3224	163	14	-44	-16008	-1336	-2996	289	21	166	-9352	3608	12552	-12	11	-30	-15776	3768	-3608	16	3	17	-16240	2712	-376	29	11	5	124	126	8
-9716	-2704	13276	157	-19	-140	-15784	1924	-3104	160	25	-58	-15968	-1284	-2916	417	42	161	-9464	3720	12640	-15	16	-30	-15864	3744	-3704	11	-3	17	-16288	2816	-624	13	8	8	127	124	8
-9700	-2624	13356	174	-46	-157	-15828	1960	-3216	205	-6	-56	-15884	-1352	-2656	393	133	168	-9456	3696	12600	-10	20	-36	-15824	3688	-3624	-9	4	18	-16160	2688	-1056	13	16	3	126	124	8
-9672	-2732	13336	170	-45	-149	-15884	1912	-3248	382	-27	-56	-15932	-1388	-2772	507	59	168	-9408	3616	12776	-9	11	-27	-15920	3648	-3816	-8	4	14	-16000	2816	-664	16	24	0	129	129	8
-9708	-2612	13336	155	5	-150	-15860	1764	-3056	698	-44	-18	-16068	-1312	-2584	691	24	148	-9288	3592	12680	-14	17	-29	-15688	3808	-3848	-16	-1	15	-16088	2768	-672	13	20	-5	127	128	8
-9736	-2724	13280	184	-33	-112	-15888	1904	-3136	808	-11	-15	-16008	-1068	-2560	627	-17	130	-9352	3536	12600	-11	17	-26	-15864	3704	-4016	-17	-4	16	-16192	2912	-744	1	17	3	127	125	8
-9668	-2692	13328	168	-5	-115	-15856	1984	-3164	326	85	-44	-16040	-1076	-2768	473	-48	76	-9232	3728	12656	-13	14	-28	-15952	3736	-4128	-2	-7	22	-16280	2808	-992	-11	22	-2	126	127	8
-9656	-2656	13312	162	23	-126	-15928	1876	-3252	96	89	-80	-16020	-1052	-2852	65	-97	82	-9416	3520	12512	-11	16	-34	-15920	3768	-3856	7	-11	12	-16240	2712	-840	-4	30	0	126	127	8
-9688	-2664	13412	195	-43	-136	-15828	1968	-3340	41	64	-36	-15904	-1256	-2812	-216	-125	130	-9320	3592	12848	-12	18	-27	-15968	3704	-3792	12	-9	12	-16128	2672	-816	-4	21	-1	126	127	8
-9708	-2664	13276	197	-30	-144	-15900	1956	-3288	-64	50	21	-15944	-1240	-2880	-263	-108	113	-9376	3488	12720	-9	19	-31	-15840	3880	-3848	6	-11	17	-16096	2680	-664	5	16	1	122	125	8
-9700	-2664	13360	192	-18	-138	-15900	1968	-3348	-124	15	-31	-15988	-1248	-2984	-122	-185	145	-9416	3536	12504	-6	13	-31	-15840	3792	-3664	3	-4	16	-16176	2592	-336	11	11	3	119	130	8
-9700	-2744	13356	144	-33	-124	-15876	1872	-3288	-42	-26	-40	-15884	-1304	-2816	-36	-195	155	-9288	3672	12456	-13	19	-31	-15752	3648	-3768	2	1	10	-16096	2664	-832	20	11	0	127	127	8
-9700	-2684	13368	176	-13	-143	-15848	1968	-3408	89	-41	-50	-15932	-1360	-2776	198	-122	120	-9304	3560	12528	-14	14	-30	-15888	3832	-3704	9	8	17	-16240	2560	-624	35	-2	1	127	125	8
-9660	-2760	13200	143	-7	-192	-15860	1888	-3160	85	-37	-50	-15968	-1376	-2732	288	14	164	-9440	3608	12608	-16	9	-28	-15808	3760	-3968	14	6	12	-16144	2752	-704	37	11	5	125	127	8
-9660	-2740	13304	162	-46	-126	-15888	1976	-3152	115	-69	3	-16116	-1184	-2784	374	-34	150	-9424	3576	12584	-15	13	-30	-15704	3824	-3896	18	1	16	-16112	2888	-976	29	6	6	126	124	8
-9632	-2640	13264	175	-60	-127	-15772	1984	-3216	50	-42	-30	-16000	-1208	-2716	186	-82	144	-9384	3560	12600	-20	10	-30	-15744	3800	-3800	13	1	11	-16104	2904	-768	11	9	2	128	124	8
-9732	-2604	13404	166	-27	-149	-15844	1876	-3108	42	2	-46	-15976	-1272	-2848	144	-100	198	-9472	3680	12464	-11	9	-27	-15848	3824	-3664	3	-6	12	-16192	2744	-800	-7	4	1	128	126	8
-9636	-2692	13220	154	14	-153	-15908	1912	-3144	166	-20	-52	-16044	-1160	-2804	157	-200	156	-9456	3544	12632	-11	17	-26	-15800	3680	-3664	-4	-1	10	-16208	2816	-544	13	9	-4	127	126	8
-9620	-2636	13368	129	-20	-162	-15836	1932	-3360	34	-8	-40	-15916	-1144	-2704	144	-123	79	-9480	3584	12800	-8	18	-31	-15856	3608	-3896	7	-6	10	-16104	2776	-720	16	-1	-3	125	129	8
-9680	-2672	13288	146	-18	-165	-15876	1912	-3376	-36	-42	-65	-15888	-1228	-2984	79	-41	155	-9440	3552	12552	-6	14	-24	-15808	3800	-3808	8	-15	18	-16216	2608	-736	17	0	2	125	128	8
-9712	-2668	13208	117	1	-169	-15940	1860	-3196	31	-73	-51	-15936	-1188	-2824	-49	-169	152	-9400	3664	12616	-6	20	-30	-15768	3704	-3848	-1	-10	13	-16064	2704	-784	25	-5	1	125	126	8
-9664	-2648	13340	144	-11	-146	-15900	1928	-3184	-20	-53	-9	-15920	-1244	-2852	-27	-116	157	-9520	3504	12656	-9	17	-31	-15840	3888	-3816	7	-11	13	-16064	2856	-656	25	-8	-1	125	126	8
-9680	-2640	13216	85	20	-160	-15840	1896	-3140	-21	-87	-50	-15956	-1288	-2876	-31	-160	152	-9368	3632	12456	-7	15	-30	-15800	3616	-4040	16	-11	17	-16144	2656	-936	32	-10	0	125	125	8
-9664	-2692	13368	109	37	-171	-15868	1920	-3208	-24	-126	-49	-15948	-1288	-2676	70	-124	138	-9312	3504	12600	-10	12	-25	-15840	3648	-3840	18	-16	14	-16136	2584	-704	29	-6	-2	123	127	8
-9620	-2676	13332	111	32	-178	-15880	1852	-3180	17	-121	-30	-15972	-1384	-2668	267	-120	144	-9408	3528	13032	-12	13	-28	-15760	3736	-3592	11	-11	15	-16304	2720	-584	38	-14	-6	127	127	8
-9692	-2664	13388	120	3	-127	-15940	1880	-3180	139	-129	-54	-15940	-1348	-2696	251	-93	134	-9480	3680	12744	-9	18	-29	-15856	3792	-3632	-27	-8	12	-16152	2760	-464	37	-23	1	121	124	8
-9620	-2744	13276	91	1	-165	-15932	1904	-3144	230	-88	-57	-16056	-1296	-2792	319	-97	120	-9384	3632	12680	-11	22	-32	-15784	3512	-3680	-28	-8	11	-16384	2576	-608	33	-30	-2	125	127	8
-9704	-2680	13304	93	29	-145	-15868	1976	-3316	142	-152	-76	-16080	-1124	-2688	227	-68	112	-9504	3488	12736	-10	20	-34	-15912	3728	-3800	-18	-2	7	-16304	2760	-648	29	-30	-3	127	126	8
-9748	-2716	13320	107	75	-165	-15800	1956	-3144	14	-156	-22	-15892	-1164	-2712	48	-87	154	-9424	3464	12648	-10	18	-31	-15840	3704	-3776	-25	4	4	-15984	2824	-648	27	-25	-5	127	127	8
-9672	-2696	13284	38	33	-145	-15736	1884	-3132	46	-122	-65	-15968	-1176	-2720	-160	-159	146	-9448	3576	12648	-9	14	-35	-15680	3640	-4152	-27	-1	7	-15944	2864	-880	25	-34	-3	125	126	8
-9732	-2688	13264	53	34	-163	-15848	1932	-3120	27	-95	-89	-15992	-1332	-2728	-167	-234	145	-9504	3664	12504	-13	16	-34	-15832	3800	-3816	-19	-3	4	-16232	2808	-880	15	-23	-8	127	127	8
-9644	-2712	13284	64	43	-166	-15892	1920	-3124	-7	-42	-69	-16016	-1308	-2620	-92	-323	81	-9448	3608	12592	-12	16	-33	-15832	3672	-3840	-6	-3	2	-16120	2784	-544	9	-47	-4	126	126	8
-9668	-2708	13396	85	67	-111	-15848	1812	-3112	55	-41	-89	-15992	-1368	-2832	114	-349	56	-9488	3600	12736	-12	16	-33	-15656	3752	-3848	-14	-4	5	-16256	2640	-680	20	-48	-7	126	127	8
-9704	-2620	13428	78	23	-166	-15832	1904	-3188	147	-62	-73	-15984	-1296	-2728	103	-421	50	-9304	3568	12432	-9	14	-27	-15760	3912	-3848	-12	5	2	-16096	2768	-616	35	-48	-10	126	125	8
-9708	-2620	13288	92	15	-155	-15728	1972	-3168	188	-24	-81	-15924	-1320	-2740	-16	-538	92	-9344	3480	12648	-7	18	-29	-15952	3768	-3520	7	-4	3	-16152	2664	-616	48	-71	-9	127	127	8
-9696	-2632	13260	96	16	-161	-15856	1840	-3036	197	33	-92	-15996	-1276	-2564	3	-662	74	-9440	3568	12592	-8	17	-31	-15856	3808	-3752	4	0	3	-16280	2840	-672	57	-82	-5	126	124	8
-9668	-2672	13232	56	-4	-180	-15880	1812	-3020	242	34	-79	-15956	-1324	-2736	-118	-687	92	-9520	3600	12624	-10	17	-33	-15760	3816	-3664	-6	-2	-3	-16200	2888	-768	50	-89	-2	126	126	8
-9752	-2672	13308	65	23	-165	-15824	1908	-3192	124	40	-55	-15940	-1228	-2820	-224	-758	65	-9536	3416	12552	-12	14	-32	-15768	3584	-3952	6	-2	-2	-16064	2760	-712	48	-103	-2	127	125	8
-9668	-2796	13360	125	54	-164	-15956	1632	-3232	154	45	-48	-15888	-1440	-2700	-473	-817	55	-9448	3552	12728	-14	12	-25	-15736	3616	-3816	23	-12	-1	-16096	2688	-600	48	-117	-6	126	124	8
-9696	-2748	13300	161	25	-130	-15924	1696	-3116	387	33	0	-16048	-1520	-2508	-403	-896	-54	-9472	3632	12616	-15	4	-33	-15872	3864	-3704	8	-14	4	-16248	2656	-720	55	-115	-4	123	126	8
-9664	-2644	13272	145	-18	-139	-15880	1820	-3116	411	91	-7	-16116	-1352	-2288	-457	-939	-86	-9360	3736	12696	-17	7	-25	-15808	3744	-3520	-2	-3	-4	-16304	2704	-488	59	-127	-4	125	128	8
-9668	-2740	13260	162	-31	-150	-15836	1920	-3012	309	94	42	-16084	-1088	-2116	-636	-1075	-111	-9344	3576	12528	-12	8	-29	-15920	3744	-3656	-6	-1	-6	-16168	2592	-360	62	-136	0	127	125	8
-9632	-2724	13268	212	21	-160	-15800	1804	-2720	23	373	20	-16160	-1216	-2064	-888	-1551	-88	-9464	3504	12488	-14	2	-36	-15808	3688	-3560	5	-2	-2	-16256	2528	-296	88	-167	2	127	126	8
-9660	-2780	13324	162	1	-112	-15884	1768	-2900	225	468	-1	-16132	-1468	-1848	-1222	-1866	-259	-9608	3464	12840	-17	10	-29	-15640	3696	-3552	13	-1	-5	-16192	2424	-320	105	-180	4	129	127	8
-9788	-2716	13464	201	-37	-91	-15892	1708	-3040	463	612	70	-16164	-1588	-2048	-1133	-2125	-374	-9296	3592	12552	-19	6	-29	-15848	3664	-3744	-5	11	1	-16200	2568	72	116	-193	7	126	127	8
-9624	-2712	13312	173	9	-102	-15836	1908	-3088	667	632	69	-16236	-1440	-2244	-1223	-2235	-338	-9400	3576	12608	-19	9	-30	-15760	3624	-3584	-6	16	-3	-16208	2744	-128	136	-202	6	126	127	8
-9716	-2708	13340	215	27	-115	-15872	1876	-3280	317	728	39	-16064	-1492	-2216	-1418	-2235	-306	-9320	3432	12656	-17	6	-30	-15888	3544	-3344	-6	19	0	-16424	2696	0	111	-228	9	127	127	8
-9752	-2684	13428	190	-35	-84	-15848	1712	-3292	344	702	82	-16124	-1548	-2156	-1544	-2325	-284	-9416	3592	12616	-23	6	-38	-15784	3640	-3728	-9	25	-6	-16200	2536	48	116	-241	6	128	125	8
-9684	-2704	13228	206	-18	-76	-15824	1744	-3256	606	679	109	-16044	-1800	-2368	-1244	-2422	-260	-9336	3584	12624	-20	9	-31	-15736	3704	-3672	4	29	-3	-16152	2688	-256	134	-243	10	127	126	8
-9684	-2620	13372	234	-18	-71	-15780	1968	-3472	694	661	101	-16072	-1516	-2188	-1175	-2550	-356	-9272	3600	12808	-18	8	-31	-15832	3792	-4032	14	22	1	-16456	2616	-64	150	-259	13	127	127	8
-9764	-2560	13288	231	-24	-98	-15852	2052	-3528	592	640	130	-15992	-1348	-2140	-1330	-2296	-328	-9416	3616	12680	-17	13	-32	-15872	3424	-3664	15	24	4	-16352	2440	0	168	-260	14	126	129	8
-9720	-2632	13320	222	-60	-106	-15824	1748	-3688	238	681	110	-16076	-1348	-2032	-1672	-2320	-358	-9360	3664	12608	-14	16	-26	-15936	3520	-3696	44	35	3	-16264	2360	-248	170	-279	12	127	126	8
-9636	-2644	13320	255	-73	-100	-15860	1792	-3568	352	603	143	-16200	-1536	-2076	-1453	-2521	-376	-9376	3584	12968	-15	17	-31	-15864	3560	-4024	34	13	10	-16240	2696	-136	182	-276	12	129	124	8
-9716	-2580	13408	237	-51	-121	-15804	1876	-3552	301	539	145	-16156	-1532	-2088	-1353	-2790	-418	-9504	3592	12672	-8	20	-19	-15744	3312	-4104	63	15	7	-16112	2688	232	153	-288	17	129	128	8
-9636	-2664	13288	256	-89	-112	-15800	1836	-3508	82	586	148	-16128	-1492	-1732	-1290	-2942	-485	-9384	3632	12584	-6	13	-27	-15952	3712	-3672	71	7	17	-16216	2544	464	152	-297	23	127	124	8
-9716	-2668	13224	260	-114	-92	-15760	1964	-3356	-68	640	147	-16052	-1468	-1128	-1539	-3093	-614	-9368	3576	12384	-3	24	-25	-15944	3704	-3768	55	7	17	-16200	2600	832	156	-299	25	127	123	8
-9660	-2672	13312	225	-97	-87	-15812	1888	-3376	-164	759	135	-16192	-1532	-864	-1713	-3122	-593	-9432	3432	12352	-20	15	-29	-15880	3624	-3856	72	22	23	-16176	3008	1024	139	-315	26	124	120	8
-9712	-2588	13304	247	-42	-99	-15860	1856	-3220	-82	877	121	-16240	-1832	-880	-2142	-3274	-687	-9488	3528	12696	-13	10	-29	-15640	3768	-3536	62	30	17	-16304	2832	864	93	-329	27	122	123	8
-9676	-2688	13332	277	-39	-80	-15732	1800	-3104	175	959	171	-16328	-2004	-556	-1185	-3653	-844	-9360	3616	12752	-23	8	-28	-15920	3616	-3624	22	47	16	-16128	2840	920	89	-362	25	130	124	8
-9672	-2696	13284	304	-96	-60	-15776	1756	-3448	722	1058	187	-16156	-2116	-836	-697	-3746	-965	-9344	3576	12648	-17	13	-29	-15752	3608	-3448	17	57	12	-15912	2984	1400	64	-415	31	133	122	6
-9716	-2656	13304	335	-94	-37	-15672	1980	-3564	737	1106	214	-16116	-1908	-520	-386	-3959	-949	-9264	3712	12600	-14	11	-32	-15648	3640	-3560	-18	68	9	-16160	3200	1448	-12	-445	17	127	126	6
-9644	-2604	13344	365	-106	-24	-15616	2036	-3744	610	1265	170	-16240	-1588	-248	-414	-4277	-896	-9464	3432	12536	-20	6	-32	-15832	3568	-3776	-32	97	6	-16248	2920	1648	-63	-452	6	126	126	6
-9644	-2608	13332	292	-55	-41	-15776	2012	-3576	612	1322	74	-16332	-1268	-40	-606	-4662	-769	-9320	3584	12728	-19	7	-33	-15768	3664	-3704	-33	105	12	-16016	2672	1712	-72	-476	5	122	134	6
-9648	-2612	13380	241	-50	-93	-15692	2192	-3780	612	1462	38	-16588	-972	28	-679	-5166	-603	-9512	3448	12792	-16	7	-33	-15880	3664	-3792	-63	104	13	-16176	2656	1344	-70	-505	3	128	125	6
-9664	-2636	13356	265	19	-55	-15604	2020	-3932	398	1549	11	-16188	-1348	-348	-641	-5192	-683	-9344	3680	12544	-20	11	-34	-15800	3520	-4088	-75	126	2	-16224	2688	1848	-84	-556	1	125	121	6
-9664	-2532	13412	238	-96	-19	-15644	1988	-4396	378	1425	-80	-16192	-1540	-652	-988	-5232	-826	-9320	3424	12624	-18	7	-33	-15920	3272	-4040	-29	124	11	-16280	2560	1944	-64	-565	-2	125	118	6
-9664	-2584	13364	266	11	-105	-15720	2216	-4296	22	1338	-29	-16336	-1240	80	-1311	-5541	-641	-9440	3648	12720	-23	14	-36	-15904	3440	-4136	23	115	18	-16376	2592	2248	-81	-567	-15	127	120	6
-9728	-2564	13220	239	-81	-61	-15544	2080	-4612	196	1189	-18	-16616	-1116	-540	-1476	-4594	-832	-9264	3432	12200	-20	19	-37	-15856	3552	-4368	-2	100	26	-16040	2448	1760	-29	-537	-25	126	118	6
-9684	-2444	13416	241	-23	-181	-15584	1836	-4452	275	1031	-7	-16404	-1312	-300	-1956	-4541	-808	-9432	3336	12712	-12	17	-28	-15688	3504	-4440	-39	105	25	-16024	2200	1600	46	-519	-33	131	109	6
-9708	-2544	13372	232	-40	-210	-15608	1936	-4264	357	859	-55	-16080	-2016	404	-2824	-4591	-585	-9456	3360	12736	-11	19	-26	-15680	3240	-4888	19	75	25	-16120	2688	2000	36	-512	-13	124	118	6
-9668	-2620	13500	278	-83	-208	-15640	2112	-4328	307	853	-57	-15856	-1808	948	-2116	-5248	-846	-9512	3584	12632	-13	16	-20	-15752	3744	-4488	62	52	34	-16080	2880	2488	-20	-482	16	130	120	6
-9616	-2468	13340	346	-200	-227	-15292	2232	-4620	27	962	-150	-15820	-1604	800	-1879	-4804	-967	-9336	3448	12536	-6	7	-18	-15608	3992	-4288	6	57	31	-15896	2936	2664	-80	-451	18	131	116	6
-9664	-2588	13280	320	-151	-247	-15532	1856	-4496	-432	930	-106	-15908	-2360	1088	-2418	-4525	-512	-9432	3560	12552	3	-7	-11	-15856	3816	-4448	-48	65	14	-15744	2896	2968	-148	-489	42	129	114	6
-9608	-2728	13300	276	-132	-239	-15864	1776	-4092	-525	812	-143	-15948	-2820	1684	-2291	-4507	-409	-9536	3496	12712	-14	-16	-13	-15736	3656	-4296	-14	61	10	-16032	3256	3408	-163	-461	15	130	120	6
-9500	-2504	13384	296	-82	-141	-15944	1536	-4260	-115	706	-141	-16176	-3316	1516	-1564	-4021	-500	-9272	3728	12712	-10	-17	-11	-15640	3712	-4208	6	65	4	-15896	2912	3408	-242	-470	29	129	119	6
-9632	-2600	13496	295	-52	-95	-15796	1700	-4196	301	700	30	-16148	-3168	1992	-206	-4234	-408	-9200	3760	12752	-14	-15	-20	-15856	3984	-4144	-43	78	7	-15944	2520	4368	-243	-483	36	129	134	6
-9704	-2468	13416	297	-78	-106	-15424	2112	-4628	180	656	72	-15904	-2284	1860	704	-4149	-220	-9272	3528	12576	-8	-3	-28	-15744	3440	-4040	-79	93	5	-15736	1776	4224	-240	-473	16	130	120	6
-9680	-2564	13336	314	-90	-93	-15672	1868	-4480	150	692	14	-15816	-2372	2328	459	-3863	10	-9264	3512	12704	-7	11	-28	-15648	3088	-4152	-21	104	21	-15768	1728	4184	-136	-530	3	128	122	6
-9620	-2560	13428	350	-138	-87	-15660	1656	-4544	615	644	3	-15820	-2040	1976	355	-3952	135	-9360	3584	12464	-3	14	-30	-15536	3648	-4216	30	98	34	-15712	2144	4392	15	-499	-14	130	118	6
-9648	-2548	13384	339	-190	-109	-15336	1920	-4552	575	618	53	-15912	-1604	2416	261	-4385	-43	-9296	3640	12648	-3	15	-19	-15552	3728	-4184	35	115	42	-15784	2336	4280	129	-481	-14	128	122	6
-9540	-2580	13456	312	-169	-124	-15648	2296	-4128	242	680	22	-16044	-1420	2988	1051	-4551	-483	-9424	3704	12640	-13	2	-29	-15392	3912	-4752	-17	118	35	-15616	2664	3936	181	-490	25	127	124	6
-9644	-2224	13300	304	-182	-146	-15068	2216	-4948	424	698	-245	-16096	-1544	2548	-34	-4360	-302	-9368	3512	12456	-22	3	-27	-15632	3640	-4296	-14	121	33	-15592	2688	4096	231	-518	42	134	129	6
-9660	-2512	13380	254	-80	-208	-15048	2304	-4728	154	694	-208	-15828	-1892	3100	251	-4483	-163	-9296	3536	12728	-22	-8	-28	-15240	3496	-4440	60	120	30	-15488	2504	4208	86	-545	55	125	128	6
-9580	-2684	13316	285	-92	-151	-15892	1344	-4588	80	850	-354	-15940	-2032	3084	-176	-4009	-354	-9304	3544	12896	-26	-12	-28	-15320	3752	-4632	56	103	33	-15504	2936	4800	81	-557	50	133	125	6
-9540	-2592	13392	404	-176	-128	-15380	1664	-5020	548	661	-268	-15916	-1660	2104	-308	-4382	-510	-9232	3512	12552	-15	-1	-23	-15824	3656	-4840	-3	117	39	-15472	2936	5440	95	-541	14	133	131	6
-9484	-2340	13364	261	-169	-156	-15316	2452	-4884	-88	587	-282	-16072	-1264	3416	-398	-4961	-778	-9376	3456	12512	-5	10	-24	-15864	3552	-4240	28	140	38	-15712	2704	5024	122	-555	-17	134	135	6
-9456	-2568	13400	218	-119	-159	-15700	2268	-4612	-748	586	-402	-16112	-1876	2840	-1163	-4327	-929	-9256	3696	12760	-13	12	-30	-15536	3936	-5008	17	119	30	-15784	2376	4168	80	-555	2	129	140	6
-9632	-2328	13440	192	-37	-212	-15156	2008	-5280	-690	448	-621	-16048	-1944	3400	-664	-3836	-377	-9416	3360	12672	-25	-2	-31	-15440	3704	-5560	-11	99	28	-15448	2984	4480	160	-561	-13	127	138	6
-9580	-2408	13476	109	5	-297	-15832	1652	-4840	-657	312	-546	-16076	-2576	3608	-688	-3821	-215	-9272	3400	12928	-9	-11	-23	-15528	3240	-5080	61	87	38	-15784	2520	4824	49	-546	-2	125	125	6
-9580	-2420	13508	109	-51	-239	-15764	1684	-5020	-90	127	-577	-16048	-2228	3696	-331	-4101	-436	-9456	3584	12872	-6	-8	-12	-15584	4024	-5336	111	53	45	-15640	2992	5672	18	-514	9	131	122	6
-9664	-2476	13440	100	-39	-294	-15276	1948	-4904	-806	191	-525	-15472	-2180	3828	-97	-4205	-497	-9376	3440	12728	18	-22	3	-15544	3664	-4720	120	16	57	-15096	2792	6024	13	-514	-24	140	129	6
-9660	-2412	13368	54	-118	-321	-15408	1744	-4648	-1087	199	-549	-15324	-2328	4572	156	-4049	-684	-9184	3496	12904	20	-24	1	-15448	3680	-4648	47	42	25	-15184	2248	6712	23	-529	-16	131	141	6
-9660	-2432	13424	139	-164	-416	-15092	2104	-4748	-1260	387	-634	-15244	-1900	4792	-367	-4191	-418	-9136	3560	12808	22	0	-19	-16008	3944	-4472	-30	68	48	-15296	2672	6560	56	-498	11	126	141	6
-9640	-2568	13460	54	-94	-403	-15576	1820	-4796	-1571	548	-747	-15384	-2396	4668	-352	-3812	-385	-9272	3736	12632	8	-2	-26	-15432	3864	-4504	18	72	29	-14960	2928	6256	75	-543	13	131	143	6
-9628	-2584	13396	95	-76	-426	-15628	1612	-4384	-1619	631	-755	-15308	-2960	5204	498	-4232	-377	-9288	3792	12608	-10	-5	-32	-15360	4136	-4856	48	73	35	-15016	3320	6304	36	-531	24	129	140	6
-9428	-2612	13456	129	-133	-396	-15568	1332	-4084	-1097	722	-638	-14680	-3852	5488	1621	-4491	-411	-9472	3864	12728	8	-18	-42	-15456	4112	-4848	5	27	55	-15040	3048	6224	39	-510	14	127	142	6
-9544	-2736	13388	212	-143	-317	-15480	1176	-4112	-439	947	-538	-14456	-3568	6568	1776	-4488	-439	-9584	4008	12840	137	-49	-19	-15216	3792	-4632	-173	-79	16	-15216	2416	6384	51	-489	24	133	149	6
-9488	-2996	13328	170	-308	-145	-15624	1000	-3488	733	817	-540	-14268	-2096	6028	1095	-4850	-895	-9168	3608	12600	245	-75	28	-14848	3584	-4944	-235	69	8	-14816	2016	7096	83	-486	28	122	120	6
-9668	-2556	13556	310	-481	-43	-15160	972	-4540	2118	909	-531	-14360	-2136	5568	121	-4993	-1130	-8904	3568	12560	184	-34	23	-16264	3112	-4720	-200	135	100	-14616	1456	7640	97	-522	8	132	126	6
-9680	-2660	13532	176	-569	-71	-15380	1816	-5168	2032	954	-362	-14880	-3188	5972	536	-4845	-1204	-9160	3432	12760	116	-5	-3	-15840	2536	-5032	-45	111	105	-14504	1320	8056	99	-529	-35	124	133	6
-9444	-2536	13308	195	-558	-113	-15516	1692	-5452	1263	1295	-248	-15252	-4276	5812	1108	-4787	-1235	-8992	3728	12616	85	9	-5	-15536	2992	-5192	211	109	132	-14288	2304	7744	225	-521	-52	129	148	6
-9396	-2580	13500	238	-503	-101	-15500	1540	-5248	1454	1264	-212	-15408	-2908	6312	1962	-4342	-1174	-9048	3992	12568	56	13	-14	-15272	4592	-4896	188	110	144	-14664	3072	6968	319	-529	-31	120	152	6
-9400	-2460	13664	228	-321	-199	-15628	1740	-4856	831	1287	-81	-15332	-2964	6056	1729	-4001	-1105	-9296	3816	12856	59	-6	-9	-14832	4400	-5672	12	128	109	-14248	4104	7432	275	-538	7	129	151	6
-9880	-2704	13792	-53	-541	-216	-15292	1080	-4564	1659	1316	-28	-14800	-2896	5976	1900	-4518	-857	-9200	3888	12816	54	-17	-5	-15496	4200	-5088	-31	140	78	-14312	4232	7624	119	-516	28	130	167	6
-9724	-2608	13732	26	-718	-241	-15020	960	-5772	2369	1336	-31	-14472	-3140	6336	2366	-4448	-914	-9152	4136	12488	51	-24	4	-15304	3904	-5040	63	152	73	-13568	4336	7512	-42	-526	64	119	163	6
-9336	-2512	13436	91	-744	-304	-15388	1660	-5748	2123	1379	43	-14936	-2500	6372	1851	-4555	-791	-9448	3968	12872	46	-52	20	-14776	4408	-5464	91	144	58	-13760	3752	8680	-66	-498	-13	137	147	6
-9244	-2572	13464	203	-712	-250	-15348	1712	-5468	1697	1407	-29	-14748	-2004	7568	605	-5035	-1145	-9608	3856	12968	49	-56	23	-15336	3872	-5072	7	200	47	-13744	2496	8600	-58	-528	2	130	146	6
-9144	-2268	13396	191	-641	-264	-15172	2132	-5640	1624	1435	-148	-14852	-1580	7292	-118	-4750	-920	-8824	4080	12704	59	-43	15	-15928	3800	-4848	51	175	59	-14016	2624	8592	-10	-556	-4	129	147	6
-9076	-2208	13652	-2	-371	-320	-15340	2636	-5072	217	1515	-298	-14520	-2052	7696	235	-5112	-828	-9096	3608	12592	82	-40	21	-15000	4208	-5848	73	178	28	-14128	2824	8424	67	-559	-4	132	149	6
-9288	-2568	13584	-100	-197	-315	-15232	1884	-5384	-598	1686	-609	-14072	-2452	7496	696	-5311	-574	-8968	3928	12544	128	-46	49	-15176	3488	-5568	23	211	32	-14264	2744	8456	26	-569	13	125	138	6
-9392	-2744	13500	89	-44	-187	-15220	1220	-5440	-171	1696	-778	-13908	-1616	7500	228	-5079	-564	-8888	4240	12616	84	-32	24	-15408	3368	-5456	96	185	77	-13352	2304	9520	44	-537	21	130	145	6
-9304	-2640	13628	38	51	-168	-15252	1184	-5544	354	1563	-791	-13896	-2504	7740	-778	-5406	-701	-9288	3896	12736	103	-30	21	-15264	3928	-6200	55	204	87	-14160	2352	8976	72	-538	26	124	138	6
-9304	-2444	13424	-204	-120	-277	-15084	1180	-6184	605	1675	-637	-14076	-3440	7844	-1301	-5246	-714	-9312	3568	13056	152	-56	73	-15000	3968	-5840	44	237	55	-15160	3504	9040	113	-623	81	128	115	6
-9436	-2568	13600	-313	-82	-378	-15060	1224	-6176	639	1662	-683	-13656	-4000	7880	-557	-5399	-744	-8800	4512	12744	112	-74	70	-15280	4024	-5112	124	227	70	-12968	3256	9496	69	-619	40	119	89	6
-9664	-2940	13872	-209	-164	-318	-15116	1040	-5760	610	1811	-657	-13812	-3816	8104	76	-5626	-592	-8496	4336	12384	56	-52	28	-15200	4128	-5048	127	211	88	-13216	3264	9536	84	-612	43	122	81	6
-9296	-2832	13440	-12	-137	-197	-15160	840	-5100	265	1858	-423	-13584	-3824	8576	935	-5368	-306	-8608	4096	12376	26	-25	3	-15232	4296	-5648	40	217	70	-13656	3576	9880	47	-585	33	126	77	6
-9144	-2476	13472	153	-234	-53	-15000	704	-6124	952	1855	-383	-13548	-3084	8240	996	-5230	-552	-8632	4056	12544	26	-14	8	-14904	3760	-5376	14	230	61	-12536	3256	9464	-63	-574	46	128	80	6
-9152	-2600	13436	265	-174	-30	-15264	1436	-6424	900	1746	-255	-13244	-3240	8988	491	-5295	-982	-8640	4768	12632	-22	37	-50	-15360	4584	-5600	93	229	62	-13104	3512	9704	4	-620	22	116	78	6
-9208	-2528	13520	300	-73	-58	-15100	1364	-6428	550	1751	-334	-13536	-2800	9068	1432	-5253	-1117	-9136	4504	12432	-29	23	-46	-14592	4272	-6368	21	225	47	-13264	3432	9496	17	-638	36	124	79	6
-9164	-2324	13656	360	47	-63	-15156	1660	-5800	4	1753	-420	-13520	-2940	8960	940	-5722	-966	-8784	4376	12584	-32	29	-52	-15192	4016	-6152	-18	240	33	-12920	3536	10184	-22	-614	71	119	108	6
-9400	-2680	13684	184	106	-96	-14940	1040	-6136	-489	1912	-409	-13144	-2768	9560	1395	-5798	-633	-9000	4520	13008	-34	29	-51	-14976	4128	-6488	59	223	34	-12832	3048	10472	-8	-588	68	122	121	6
-9588	-2724	13736	70	-133	-133	-14828	632	-6504	192	1901	-506	-12912	-2052	9400	1156	-5215	-471	-9096	4072	13008	-13	16	-24	-14696	3848	-6408	41	223	24	-11688	2864	10192	-60	-613	101	119	96	6
-9172	-2428	13692	107	-105	-109	-15204	1800	-6360	681	1705	-487	-12952	-2320	9468	659	-5110	-512	-8528	4528	12560	-31	28	-45	-14672	3656	-6096	32	221	26	-12640	2272	10824	-120	-590	47	124	91	6
-9548	-2616	13748	-23	46	-127	-14828	1576	-6804	247	1712	-631	-13124	-2772	9728	442	-5096	-540	-9240	4184	12880	-39	42	-57	-14600	3800	-6784	103	198	57	-12520	1880	10288	-48	-583	-24	115	105	6
-9328	-2356	13712	-210	98	-250	-14828	1264	-6656	83	1657	-829	-12976	-2732	9588	-41	-5559	-248	-9240	4304	13216	-6	18	-32	-14704	3872	-7016	70	205	63	-12664	2688	10408	43	-592	8	127	116	6
-9400	-2856	13636	-112	42	-187	-14908	976	-6800	-35	1684	-778	-12916	-2668	10160	-421	-5895	-161	-9096	4104	12928	36	0	7	-14616	3864	-6992	50	216	57	-12504	3120	11120	-19	-607	36	128	120	6
-9328	-2372	13684	-138	61	-174	-14932	1104	-6940	385	1446	-828	-12808	-3108	10516	-53	-5856	-444	-9008	4032	12688	42	-1	16	-14888	3944	-6760	67	197	83	-11520	3064	11280	-71	-582	44	133	112	6
-9292	-2376	13780	-203	107	-239	-14648	968	-6468	109	1498	-867	-12404	-2520	10764	-739	-5576	-196	-9184	4176	12640	64	-16	35	-14528	4240	-6888	130	196	73	-12072	3336	11264	-95	-609	22	118	111	6
-9232	-2572	13548	-313	-37	-274	-14656	1192	-6864	98	1570	-1017	-12312	-2916	10708	-441	-5092	-158	-8944	4336	12600	63	-29	42	-14648	3992	-6384	115	220	76	-10872	2936	11288	-151	-615	10	119	131	6
-9608	-2704	13936	-439	-73	-372	-14904	852	-6768	-454	1641	-848	-12096	-3624	10668	148	-5188	-455	-8656	4800	12576	29	-22	13	-14792	4320	-6432	174	188	73	-11736	2600	11616	-89	-625	-31	128	131	6
-9624	-2672	13600	-853	-387	-571	-14604	380	-6584	-112	1814	-776	-11348	-3792	10804	-414	-5488	-399	-9264	4072	12800	59	-43	23	-14144	4232	-7536	38	186	48	-11112	2808	11864	-14	-593	7	124	120	6
-9228	-2872	13584	-686	-492	-500	-14712	604	-6868	361	1750	-681	-11456	-3720	11300	178	-5503	-529	-9040	4192	12912	77	-60	50	-14760	3608	-7280	-2	231	59	-11016	3040	12160	25	-589	23	113	145	6
-9216	-2968	13452	-467	-377	-360	-14928	432	-6840	300	1646	-538	-11424	-3840	11336	-406	-5369	-557	-8664	4392	12880	82	-60	43	-14400	4040	-7240	148	217	88	-11368	3416	12168	24	-591	6	125	170	6
-9352	-2804	13660	-495	-421	-400	-14596	492	-7152	108	1716	-464	-11368	-3876	11156	-401	-5196	-541	-8616	4328	12576	69	-69	46	-14280	4496	-6504	124	187	72	-10848	3576	11936	-12	-556	33	109	160	6
-9268	-2928	13548	-344	-360	-330	-14712	624	-6876	28	1786	-298	-11276	-3904	11324	241	-5057	-874	-8856	4936	12768	47	-69	27	-14288	4664	-7032	51	204	25	-12368	3024	12144	-64	-634	8	110	153	6
-9088	-3144	13596	-94	-231	-224	-14760	288	-6856	137	1690	-170	-11184	-3820	11408	643	-4828	-1130	-8592	4016	12576	42	-75	28	-14192	3872	-7456	-41	240	31	-10456	2552	12712	-111	-602	36	111	166	6
-9148	-2872	13616	40	-241	-153	-14556	704	-7104	559	1555	-138	-10992	-3172	11732	533	-5293	-1098	-8680	4752	12696	16	-67	1	-14736	3952	-7432	70	206	27	-10800	2384	12944	-90	-565	35	130	147	6
-9736	-2776	14100	-463	-426	-340	-14356	1268	-7832	-257	1646	-63	-10736	-2580	11876	126	-5201	-1000	-8928	4520	12952	37	-63	17	-14160	3928	-7704	74	202	35	-11072	2528	12832	-51	-574	38	117	155	6
-9128	-3120	13644	-579	-600	-443	-14432	1000	-7740	-1032	1790	-280	-10764	-2760	12140	-83	-5354	-678	-8480	4520	12640	42	-72	11	-14536	3688	-7376	59	206	48	-10200	2176	12568	25	-589	20	113	131	6
-9144	-2720	13632	-684	-553	-642	-14628	1088	-7532	-524	1723	-485	-10560	-2936	12304	344	-5181	-696	-8536	4432	12512	34	-56	-4	-14512	4048	-7016	105	192	62	-10176	3024	13064	-20	-604	27	119	140	6
-8840	-2736	13520	-636	-464	-590	-14380	1000	-7100	-232	1593	-528	-10464	-2956	11892	725	-5383	-753	-8472	4896	12560	16	-32	-18	-14016	4088	-7232	50	243	53	-9240	2168	12864	47	-672	-36	123	135	6
-8816	-3084	13400	-563	-260	-424	-14412	768	-7460	108	1574	-650	-10052	-3148	12788	563	-5348	-716	-8520	4840	12720	-21	-4	-36	-14392	4408	-7720	-11	215	36	-9344	3144	13416	7	-586	15	128	135	6
-9516	-3080	13908	-635	-338	-488	-14220	484	-7988	490	1580	-732	-9716	-2820	12628	407	-5478	-623	-8592	4504	12744	10	-18	-30	-14104	4152	-7792	-54	226	21	-9688	3336	13424	11	-569	2	128	133	6
-9064	-2780	13640	-691	-542	-707	-14040	1364	-7968	509	1609	-862	-9568	-2952	13368	239	-5354	-412	-8240	4888	12368	-42	-40	-32	-14032	4256	-7624	-72	245	43	-9752	2768	13728	27	-608	7	122	104	6
-9024	-3080	13680	-702	-249	-706	-14652	1196	-7652	-251	1744	-969	-9716	-3884	12908	453	-5476	-375	-8576	4536	12928	-30	2	-52	-14168	3688	-7544	90	201	57	-9720	2328	13792	-10	-597	20	114	124	6
-9024	-2960	13596	-707	-213	-622	-14296	452	-7252	-629	1867	-1033	-9392	-3520	12740	793	-5695	-164	-8504	4224	12584	-21	-7	-56	-14008	4248	-7696	80	233	41	-8752	1888	13696	-19	-592	17	121	148	6
-8172	-3576	13068	-234	243	-222	-14584	420	-7308	-70	1816	-963	-9028	-3248	13360	341	-5682	-560	-8080	4120	12400	-42	32	-78	-14288	3608	-7176	41	213	61	-9152	2544	14128	-1	-588	10	97	131	6
-9020	-2992	13676	-43	657	16	-14404	220	-7872	446	1707	-930	-8880	-4096	13508	65	-5922	-656	-7736	5112	12728	-98	118	-145	-14672	4376	-7760	92	175	80	-9744	2400	14048	31	-605	20	130	120	6
-8772	-3800	13288	95	1007	95	-14276	104	-8008	718	1562	-723	-8752	-4220	13796	-415	-5739	-585	-9480	4384	13072	-93	96	-140	-13464	4416	-9336	-38	170	80	-9744	3144	13696	58	-613	29	118	137	6
-9748	-3156	13880	59	685	-2	-14020	-28	-8548	78	1700	-630	-9408	-4628	13140	-86	-5337	-663	-8800	4240	12896	-53	54	-85	-14048	3680	-8792	-29	185	60	-9304	2856	13976	59	-713	35	131	137	6
-9980	-3772	14292	-131	331	-134	-14148	92	-9020	-149	1537	-357	-9896	-4124	13452	267	-4974	-689	-8576	4392	12520	-58	60	-78	-14232	3920	-8144	78	118	99	-9664	2792	14008	-11	-619	6	119	123	6
-9128	-2952	13568	-195	90	-354	-14176	400	-8620	-473	1316	-273	-10076	-4280	13428	855	-5134	-831	-8912	4896	13112	-83	83	-108	-14080	4440	-8776	101	96	112	-9592	2920	14040	-54	-586	-7	122	125	6
-9476	-3552	13768	-284	-56	-391	-14228	248	-8720	-459	1109	-208	-9604	-3500	13504	1041	-5211	-842	-8888	3984	12544	-48	42	-64	-13616	4520	-8464	6	99	65	-9216	3232	13984	-76	-606	0	114	111	6
-9080	-2932	13564	-257	-167	-397	-14084	352	-8652	-238	880	-164	-9308	-3444	13772	679	-5024	-869	-8584	4792	12784	-92	50	-95	-14248	4856	-8240	14	70	56	-8984	3064	14656	-62	-595	20	118	95	6
-8996	-3168	13444	-240	-119	-352	-14344	256	-8536	-24	488	-123	-9540	-3724	14260	284	-5345	-821	-9312	4512	13312	-72	48	-91	-13664	4296	-9448	-79	51	39	-8360	3336	14416	-8	-674	48	125	137	6
-9576	-3520	13792	-286	-161	-199	-14132	288	-9320	313	136	-89	-9420	-3556	13976	38	-5082	-689	-9248	3912	13040	0	-5	-18	-13408	4264	-9256	-6	51	30	-8592	3744	14512	-42	-603	44	127	126	6
-9712	-2992	13876	-585	-559	-646	-13768	748	-9180	128	16	-198	-9092	-3460	14132	580	-5071	-564	-8920	4560	12728	18	-26	-3	-14136	4704	-8696	29	6	6	-8864	3304	14792	-47	-616	61	130	127	6
-9600	-3412	13924	-877	-887	-954	-14084	752	-9352	-164	-187	-198	-8880	-3060	14276	920	-5265	-472	-9064	4312	13048	48	-55	31	-13560	3992	-8456	2	1	-12	-8648	3056	14312	-120	-600	81	124	114	6
-9660	-3120	14000	-1225	-1381	-1310	-13688	520	-8908	-351	-352	-246	-8700	-3032	14788	1154	-5281	-265	-8656	4616	12504	53	-65	41	-13768	4744	-8336	96	-16	-26	-7776	3408	15376	-187	-603	104	115	137	6
-9396	-2900	13888	-1220	-1403	-1374	-14236	572	-8520	-673	-536	-381	-8024	-3072	14404	607	-5275	-226	-8640	4560	12984	15	-54	11	-13920	4912	-8344	-46	-38	-31	-7800	3384	15112	-219	-592	112	124	120	6
-9140	-3692	13744	-1275	-1873	-1133	-14016	132	-8444	-447	-684	-461	-7544	-3188	14872	-82	-5306	-102	-8952	4664	13064	-3	-52	7	-13792	4264	-8952	-121	-37	-66	-7408	3560	15344	-232	-615	130	129	137	6
-8952	-3804	13736	-1078	-1870	-880	-14160	216	-8352	-162	-867	-498	-7184	-3396	14648	-332	-5390	-25	-8944	4488	12824	2	-96	31	-13712	4400	-8208	-117	-57	-91	-7424	2944	15136	-261	-649	135	121	123	6
-8944	-3724	13696	-966	-1851	-903	-14088	452	-8780	-66	-955	-444	-7056	-3092	14532	-543	-5531	-124	-8448	4440	12960	-23	-100	22	-14112	4056	-8216	-84	-76	-76	-7256	1984	15920	-156	-657	126	114	124	6
-8600	-3324	13968	-1000	-1907	-849	-14104	776	-8176	-414	-1085	-490	-6488	-3260	15024	342	-5455	-18	-8632	4368	13104	-38	-87	17	-14040	3944	-8760	-101	-87	-84	-6968	2168	15352	-150	-651	122	110	128	6
-8408	-3612	13736	-1246	-1843	-862	-14100	816	-8088	-626	-1062	-508	-6188	-3696	15420	406	-5080	-24	-8928	4720	13264	-23	-105	30	-13768	4264	-8008	-15	-127	-84	-6880	2024	15728	-139	-653	116	118	139	6
-8924	-3668	13928	-1652	-1861	-1134	-14012	472	-8744	-838	-1279	-453	-6152	-4128	15100	436	-5193	18	-8208	4328	13048	-50	-105	10	-14176	4096	-8096	-74	-123	-66	-5872	1544	15832	-118	-597	130	131	135	6
-8208	-3868	13344	-1607	-1849	-1134	-14340	-20	-7604	-1106	-1330	-295	-5832	-3772	15392	202	-5162	-28	-8520	4216	13224	-40	-113	11	-13968	3960	-8176	-67	-134	-54	-5896	1952	15864	-73	-607	132	133	140	6
-7648	-4528	13340	-1355	-1360	-931	-14588	284	-7744	-357	-1521	-253	-5544	-4256	15568	202	-4916	12	-8480	4448	13088	-39	-135	18	-13984	3984	-8192	-81	-134	-64	-5728	2360	15984	-101	-584	108	115	131	6
-8196	-4024	13624	-821	-1291	-953	-14216	-84	-7940	-126	-1452	-105	-5228	-4196	15656	18	-4831	128	-8056	4176	12776	-38	-119	19	-14080	3648	-8144	-100	-151	-43	-5528	1808	16472	-59	-549	66	121	136	6
-8160	-4208	13752	-562	-990	-771	-14448	400	-7988	153	-1631	-85	-5180	-3800	16164	557	-4441	74	-7992	4200	13032	-31	-81	14	-14240	3744	-8216	-45	-174	-25	-5256	1784	16416	-58	-506	61	128	133	6
-8064	-4028	13676	-336	-805	-746	-14324	444	-8004	9	-1543	14	-4948	-4120	15544	771	-4184	-40	-8200	4072	13072	-39	-75	14	-14112	3880	-8280	-74	-171	-26	-5016	1680	16368	-76	-471	60	113	121	6
-7828	-4040	13496	-187	-515	-700	-14460	216	-7624	-156	-1503	133	-4396	-4072	15896	976	-3901	-18	-7848	4120	12856	-56	-60	-10	-14336	3776	-7560	-86	-219	-11	-4480	1752	16376	-102	-429	70	128	131	6
-7608	-4608	13460	57	-61	-657	-14604	156	-7256	175	-1504	139	-3864	-4172	15692	1141	-3651	131	-8160	4624	12616	-78	-25	-30	-14216	4152	-7152	-15	-208	9	-4248	1568	16208	-110	-393	59	124	118	6
-7024	-4028	12992	378	587	-521	-14652	188	-6612	884	-1521	249	-3424	-4180	15844	1475	-3541	156	-7760	4456	13096	-62	25	-37	-14168	3704	-7552	-72	-200	3	-3936	1344	16776	-40	-328	47	120	126	6
-7804	-4404	13564	525	1260	-255	-14656	220	-6792	1253	-1504	437	-3416	-3764	16088	1852	-2890	265	-8112	4432	12856	-25	55	-34	-14320	3376	-7560	-22	-197	14	-4104	864	16784	-50	-277	41	121	126	6
-9004	-4268	13976	522	978	-267	-14088	92	-7792	982	-1266	467	-3200	-3272	16164	1410	-2430	521	-9256	4360	13944	36	84	-2	-14096	3488	-7872	19	-202	30	-3488	704	16896	-18	-192	30	125	123	6
-8848	-3972	14248	464	701	-320	-14372	692	-7348	51	-1030	474	-3300	-2932	16100	1070	-2009	725	-8352	3664	12992	72	9	28	-13976	3432	-7600	9	-167	54	-3576	952	16728	41	-147	30	123	127	6
-8080	-3992	13520	405	624	-319	-14596	628	-7076	-405	-845	392	-3464	-3020	16036	941	-1620	794	-7552	4488	12656	109	67	30	-14848	3152	-6904	79	-181	91	-4120	1152	16528	47	-145	19	126	121	6
-8312	-4260	13812	442	933	-298	-14496	584	-6820	-436	-689	282	-3232	-2604	16292	756	-1055	757	-7400	4536	12400	107	79	27	-14720	4112	-6696	74	-214	118	-4000	1176	16496	72	-134	-16	123	124	6
-8340	-4044	13636	614	792	-68	-14496	144	-6980	-76	-525	201	-3320	-2700	15976	687	-1106	755	-7600	4064	12616	57	226	-71	-14576	3848	-7048	-32	-173	141	-3776	1312	16088	92	-118	-31	126	123	6
-7900	-4104	13336	840	1081	139	-14628	680	-6376	635	-487	169	-3116	-3056	15832	920	-1350	762	-8512	4904	12888	24	273	-96	-14272	4368	-7040	32	-157	138	-3608	1976	16352	132	-107	-38	125	132	6
-7656	-3992	13156	1078	1682	511	-14692	652	-6572	850	-315	162	-3184	-2808	15884	1066	-1713	811	-10208	5112	14128	2	190	-91	-13904	5144	-7448	-3	-137	150	-3624	2528	16048	127	-91	-33	125	134	6
-8864	-4172	14012	985	1833	601	-14480	556	-6996	782	-145	91	-2912	-2780	15832	1198	-1511	969	-8704	4424	12784	55	114	-26	-13912	4360	-7072	-71	-47	144	-3392	2248	16168	93	-96	-19	124	124	6
-9776	-3840	14372	703	1311	441	-14076	464	-7652	578	174	53	-2912	-2696	15800	1280	-1399	967	-8328	4688	12928	43	109	-24	-14776	4176	-6440	50	-70	136	-4000	2600	15960	133	-118	-15	127	128	6
-8588	-3868	13600	624	1106	325	-14364	576	-7100	-143	323	3	-3396	-2764	16040	1016	-1353	973	-8384	5032	12560	6	134	-56	-14520	4760	-6848	62	-64	136	-3992	2424	16368	129	-145	-22	125	124	6
-9024	-4116	13764	531	920	183	-14480	296	-7268	-78	393	39	-3908	-2692	16068	974	-1385	838	-8824	4408	12816	-14	132	-74	-14304	4352	-7048	-24	-39	132	-4232	2640	15912	159	-157	-40	125	130	6
-8956	-3960	13820	530	800	79	-14444	320	-7412	322	526	87	-4004	-2808	16112	1118	-1157	641	-8688	4408	12640	-47	137	-82	-14368	4200	-7144	-28	-42	134	-3200	3032	16168	118	-110	-33	125	127	6
-8724	-3876	13500	638	774	82	-14580	316	-7328	543	467	120	-4012	-2588	16096	1052	-1041	486	-9216	4560	12848	-43	106	-72	-14296	5072	-7456	6	-55	123	-3688	3080	16256	95	-121	-43	126	130	6
-8324	-3864	13360	785	1019	335	-14680	468	-7240	590	320	111	-4052	-2392	16132	1259	-1069	343	-9128	4392	13112	15	62	-26	-13904	4632	-7728	-39	-14	115	-3944	2872	16200	82	-108	-36	128	127	6
-9168	-4088	13912	767	961	330	-14384	464	-7832	519	310	-25	-3988	-2156	16056	1263	-1179	331	-8640	4480	12856	24	44	-3	-14344	4472	-7128	-3	-1	91	-4168	2816	16488	82	-127	-25	128	129	6
-9172	-3516	13772	670	724	213	-14416	492	-7836	503	311	-14	-3732	-2044	16192	1175	-1127	541	-8632	4624	12816	17	64	-16	-14576	4656	-7440	22	-10	87	-4176	2664	16280	77	-118	-23	129	134	6
-9176	-3612	13860	475	501	126	-14284	664	-7832	-47	283	-156	-4008	-2108	16288	1443	-934	521	-8672	4576	12776	5	68	-19	-14376	4376	-7384	3	-10	81	-4128	2392	16584	74	-113	-34	129	137	5
-8864	-3944	13444	410	518	47	-14512	460	-7532	-98	192	-238	-4172	-1844	16336	1418	-786	607	-8728	4448	12528	8	49	-13	-14200	4464	-7464	5	-5	80	-3952	2384	16448	64	-126	-38	130	132	5
-8744	-3728	13544	336	625	101	-14496	752	-7848	149	11	-428	-4036	-1636	16376	1347	-653	729	-8752	4592	12720	-25	60	-29	-14408	4600	-7328	23	-23	83	-4200	2352	16504	81	-114	-44	129	130	5
-8800	-3504	13572	232	693	84	-14604	868	-7796	-49	-76	-500	-3960	-1660	16216	1156	-614	761	-8528	4784	12448	-56	74	-57	-14408	4888	-7096	-11	-39	85	-4008	2592	16448	63	-120	-46	130	127	5
-9152	-3772	13712	126	703	179	-14404	476	-7676	-183	-56	-610	-4000	-1492	16356	995	-548	832	-8960	4424	12744	-58	72	-63	-14288	4544	-7392	-46	-40	90	-3736	2640	16632	54	-117	-44	129	125	5
-9084	-3844	13592	136	614	89	-14188	512	-7744	-203	-51	-775	-3928	-1720	16136	829	-766	792	-9032	4488	12864	-42	65	-47	-14192	4560	-7000	-2	-36	88	-3536	2728	16312	44	-115	-42	129	117	5
-9004	-3580	13620	103	670	44	-14428	764	-7496	-418	-16	-765	-3748	-2016	16184	575	-640	846	-9160	4592	13024	-16	54	-34	-14232	4888	-7232	15	-37	85	-3568	2896	16568	29	-100	-40	131	113	5
-9112	-3688	13732	82	695	-3	-14520	212	-7452	-457	-114	-753	-3620	-1988	16192	682	-666	958	-8992	4608	12712	17	40	-6	-14152	4864	-7032	-6	-30	69	-3464	2712	16440	-2	-107	-31	130	112	5
-9068	-4212	13372	277	754	51	-14560	-72	-7544	-55	-114	-768	-3896	-2148	16416	708	-751	884	-8776	4592	12648	16	28	-3	-14320	4848	-6984	-1	-16	57	-3680	2808	16584	-9	-115	-30	131	110	5
-8728	-3896	13248	592	924	216	-14860	-56	-7540	393	-310	-731	-3884	-2228	16396	566	-736	732	-8640	4824	12680	-5	39	-19	-14568	4896	-6992	-8	-27	58	-3840	2784	16656	-11	-121	-35	131	129	5
-8952	-3624	13392	1040	1038	467	-14464	248	-7612	733	-475	-712	-3956	-2392	16376	445	-642	673	-8792	4592	12640	-30	54	-36	-14400	4968	-7144	-8	-40	50	-3880	2832	16528	-22	-105	-35	131	121	5
-9024	-3552	13164	1418	1099	638	-14532	244	-7708	639	-500	-750	-3744	-2120	16460	554	-1011	582	-8800	4456	12592	-33	52	-38	-14216	4744	-7432	43	-49	48	-3616	2848	16368	-14	-96	-28	131	116	5
-9020	-3632	13404	1646	1197	833	-14708	108	-7356	336	-504	-619	-3688	-2176	16624	217	-635	385	-8920	4640	12624	-50	50	-48	-14304	5104	-7008	100	-48	34	-3376	2792	16352	-26	-98	-23	131	141	5
-9376	-3488	13548	1652	1083	922	-14624	-296	-7588	392	-471	-544	-3528	-2340	16496	-117	-616	277	-8728	4736	12576	-76	46	-57	-14120	5008	-7072	56	-41	30	-3296	2816	16568	-18	-93	-27	131	138	5
-9484	-3728	13572	1609	1084	885	-14632	-260	-7344	480	-513	-351	-3624	-2460	16080	-228	-615	152	-8664	4504	12480	-95	65	-71	-14520	4992	-7032	47	-41	14	-3776	3176	16976	-25	-93	-21	130	132	5
-9208	-3596	13788	1233	867	818	-14520	-368	-7300	360	-621	-202	-3588	-2528	16132	-378	-718	-24	-8472	4528	12192	-143	94	-113	-14816	5216	-7136	38	-61	0	-4272	3264	16784	-26	-108	-8	131	149	5
-10236	-3372	13532	663	483	390	-14112	-464	-7460	849	-485	4	-3340	-2368	15940	-423	-408	-232	-8808	4768	12608	-189	131	-160	-14504	4992	-6864	5	-103	-3	-3992	2792	16584	-55	-100	-10	130	112	5
-9776	-3072	13592	287	-21	-66	-13868	-76	-7732	866	-397	143	-3248	-2396	15884	-458	-391	-300	-9344	4032	12888	-139	117	-134	-14152	4656	-7520	2	-121	-8	-3560	2368	16472	-45	-76	-4	130	145	5
-9456	-3372	13468	238	-207	-248	-14468	328	-7392	9	-363	187	-3316	-2424	16208	-171	-447	-179	-9520	3904	13032	-79	69	-88	-13848	4264	-7488	96	-94	-30	-2992	2288	16480	-16	-29	12	130	130	5
-9160	-3332	13552	168	-112	-203	-14824	224	-7208	-4	-245	95	-3312	-2156	16332	43	-485	-94	-9416	4056	12816	-21	26	-39	-13872	4520	-7152	107	-87	-38	-2936	2448	16152	-8	-20	20	129	137	5
-9272	-3240	13284	155	-67	-175	-14664	132	-7244	52	-180	83	-3056	-2156	16472	106	-368	-8	-9112	4136	12840	-6	18	-24	-14504	4680	-6720	95	-83	-44	-3232	2592	16600	-51	-27	14	129	123	5
-9324	-3360	13344	223	-5	-141	-14676	-84	-7232	34	-189	124	-3156	-2392	16492	-17	-259	-34	-9080	4240	12728	14	21	-15	-14656	4640	-6984	13	-78	-47	-3488	2640	16744	-55	-28	2	129	125	5
-9348	-3352	13424	244	28	-85	-14480	-88	-7372	238	-185	192	-3236	-2436	16104	47	-86	-33	-9072	4192	12728	16	25	-8	-14456	4424	-7048	14	-58	-51	-3528	2616	16440	-57	-25	-2	129	136	5
-9424	-3380	13388	209	-33	-81	-14556	-88	-7280	318	-144	275	-3492	-2388	16188	154	-152	-151	-9008	4320	12624	12	21	-12	-14320	4400	-6960	40	-65	-45	-3000	1816	16184	-101	-29	3	128	117	5
-9476	-3192	13424	218	-55	-107	-14468	-24	-7496	386	-193	304	-3420	-2260	16168	99	-180	-290	-9112	4464	12648	9	16	-10	-14272	4312	-6792	47	-60	-26	-2880	1456	16448	-67	-31	12	127	101	5
-9440	-3248	13504	146	-106	-178	-14520	188	-7368	390	-153	286	-3232	-2156	16464	81	-242	-284	-9008	4344	12552	6	9	-18	-14392	4392	-6776	69	-54	-22	-2880	1600	16496	-19	-41	26	127	107	5
-9176	-3240	13352	182	-137	-171	-14688	388	-7260	49	-137	241	-3280	-2260	16444	109	-195	-256	-8944	4352	12872	-8	13	-27	-14696	4488	-6664	73	-51	-25	-3200	1536	16456	19	-49	42	128	125	5
-9384	-3324	13360	218	-92	-146	-14500	144	-7328	-101	-45	270	-3320	-2072	16364	287	-94	-86	-8944	4280	12536	-18	20	-32	-14584	4376	-6600	20	-33	-17	-3144	1904	16584	58	-47	40	129	133	5
-9256	-3372	13316	265	-7	-114	-14564	96	-7256	-80	-72	201	-3216	-2004	16396	356	-9	30	-8952	4216	12816	-32	33	-43	-14736	4488	-6848	-1	-27	-14	-2936	2240	16896	31	-39	39	128	129	5
-9212	-3276	13280	332	99	13	-14728	180	-7292	-58	-145	190	-3448	-2284	16568	208	-121	20	-9048	4200	12640	-39	36	-40	-14576	4608	-6872	3	-25	-14	-3200	2312	16792	18	-32	32	127	134	5
-9224	-3364	13268	380	234	102	-14836	32	-7296	-54	-257	252	-3908	-2560	16372	201	-297	-51	-9056	4240	12648	-57	41	-51	-14680	4552	-7008	-3	-19	-9	-3448	2168	16600	18	-34	26	127	129	5
-9264	-3432	13352	609	292	211	-14632	-228	-7544	349	-281	349	-3944	-2648	16392	307	-293	-124	-8984	4264	12208	-88	50	-67	-14392	4688	-6696	-35	-13	-16	-3608	2048	16728	12	-46	29	127	133	5
-9208	-3192	13252	834	446	265	-14708	0	-7572	533	-462	357	-3916	-2580	16396	461	-369	-208	-9008	4008	12744	-109	41	-75	-14432	4480	-6840	-81	1	-17	-3400	2128	16328	36	-60	39	127	135	5
-9008	-3228	13100	1159	579	493	-14836	368	-7368	288	-600	420	-3884	-2352	16588	774	-403	-203	-9184	4256	12672	-116	23	-72	-14584	4328	-6808	-130	4	-23	-3328	2272	16896	48	-55	34	127	138	5
-9124	-3720	13540	1649	763	799	-14852	400	-7244	262	-652	402	-3420	-2004	16672	875	-318	-188	-9216	4072	12576	-106	17	-78	-14400	4560	-7000	-131	3	-28	-3344	2264	16784	28	-40	39	127	141	5
-9660	-3204	13848	1573	995	751	-14980	280	-7136	-632	-923	367	-3428	-2024	16460	780	-410	-215	-9224	4184	12904	-79	15	-58	-14536	4496	-6976	-91	-2	-32	-3560	2328	16448	2	-25	35	127	134	5
-9896	-2644	13664	705	682	321	-14384	168	-7556	-641	-822	556	-3256	-1964	15976	693	-257	-248	-9320	3888	12744	-16	0	-27	-14096	4416	-7456	-94	-34	-20	-3096	2128	16528	8	-6	24	127	154	5
-9936	-2872	13516	373	374	72	-13896	228	-7244	-518	-672	639	-2776	-1776	16008	636	-173	-180	-9152	4024	12688	4	-19	-5	-14424	4040	-7168	-13	-32	-24	-3344	2264	16584	-7	-14	16	126	151	5
-9640	-3004	13496	160	141	-94	-14088	272	-6788	-112	-522	605	-2816	-1424	16168	458	-147	-196	-8880	4264	12704	7	-12	-7	-14856	4400	-6856	33	-58	-22	-3528	2176	16896	-8	-19	17	126	116	5
-9560	-3016	13336	145	-14	-114	-14512	288	-7052	54	-432	447	-2948	-1408	16244	320	-218	-237	-9104	4216	12808	-9	-1	-19	-14504	4592	-6960	44	-50	-16	-3280	1864	16632	6	-24	1	126	117	5
-9416	-2956	13488	134	-16	-119	-14860	592	-6992	250	-312	368	-3244	-1584	16556	123	-229	-299	-8872	4224	12840	-8	5	-23	-14592	4328	-6624	12	-44	-9	-2856	1896	16648	11	-25	6	126	120	5
-9404	-3068	13464	178	55	-124	-15024	496	-6996	231	-319	355	-3168	-1912	16468	36	-313	-230	-9080	4032	12872	-11	5	-22	-14608	4360	-6696	36	-48	-5	-3080	2048	16688	22	-21	6	125	132	5
-9448	-3056	13500	190	46	-70	-14504	412	-7032	140	-247	348	-3036	-1700	16260	237	-115	-126	-9224	4112	12928	-1	7	-18	-14432	4256	-6512	24	-33	-5	-2808	1696	16504	6	-14	3	126	144	5
-9608	-2932	13368	203	16	-102	-14492	604	-7004	183	-215	257	-2872	-1664	16144	273	-131	14	-9032	4184	12872	4	5	-13	-14520	4224	-6504	18	-35	8	-2920	1528	16768	12	-2	-4	126	131	5
-9572	-2888	13344	179	14	-141	-14448	556	-6956	140	-216	222	-2920	-1620	16460	285	-144	95	-8992	4080	12728	9	3	-13	-14624	4128	-6568	12	-25	21	-2608	1760	16608	14	12	-18	125	116	5
-9444	-2996	13384	246	-50	-89	-14736	484	-6960	-212	-127	76	-3076	-1680	16484	253	-118	118	-9008	3912	12896	5	13	-17	-14832	4368	-6616	22	-15	29	-2912	1888	16816	17	13	-33	126	123	5
-9512	-2944	13336	228	29	-92	-14836	536	-6960	-125	-105	57	-3244	-1756	16448	175	-105	199	-9040	4128	12856	-1	25	-22	-14536	4272	-6824	14	-9	32	-2912	2072	16648	-1	11	-36	126	141	5
-9448	-2956	13424	245	103	-64	-14716	472	-7004	-58	-80	1	-3080	-1744	16448	101	-66	227	-8936	4232	12368	-3	22	-18	-14528	4496	-6648	2	2	38	-2960	2184	16192	3	4	-30	126	147	5
-9520	-2928	13224	287	72	-72	-14568	544	-7096	-62	-97	-39	-3100	-1800	16412	75	-103	256	-8944	4168	12872	-11	25	-26	-14712	4448	-6568	6	-5	41	-3112	1840	16496	1	-7	-24	126	136	5
-9536	-2944	13216	286	154	-59	-14664	344	-7072	-96	-52	-110	-3208	-1860	16284	82	-155	249	-9128	4224	12904	-14	27	-29	-14608	4464	-6744	-3	0	39	-3136	1784	16584	23	-19	-10	126	150	5
-9528	-2996	13368	354	116	-46	-14764	368	-7072	-53	-62	-116	-3356	-1884	16284	123	-235	249	-9144	3904	12584	-14	28	-30	-14512	4200	-6576	3	0	42	-3088	2000	16536	54	-14	0	126	154	5
-9584	-2900	13388	406	128	-35	-14712	292	-7028	32	-6	-48	-3324	-1816	16372	211	-197	227	-9048	4024	12784	-9	22	-32	-14616	4392	-7000	36	0	37	-3248	2280	16608	78	-14	-8	125	93	5
-9540	-2944	13388	399	112	-37	-14600	400	-7200	-44	-42	-103	-3228	-1688	16396	150	-61	200	-9000	4080	12784	-6	21	-24	-14640	4520	-6704	51	-9	42	-3032	2176	16496	53	-5	-16	126	87	5
-9516	-2944	13396	441	112	-34	-14692	408	-6944	-193	-52	-90	-3256	-1688	16424	44	-79	235	-8992	4296	12456	-9	26	-32	-14592	4608	-6624	43	-7	42	-3080	2488	16552	31	0	-26	126	94	5
-9568	-2844	13388	245	9	-109	-14592	428	-7164	-177	36	-126	-3192	-1640	16312	-24	-78	240	-9168	4112	12936	2	21	-23	-14424	4608	-6920	7	-18	29	-3096	2664	16536	27	4	-30	126	105	5
-9556	-2892	13496	205	-12	-131	-14684	464	-7092	-300	2	-144	-3260	-1876	16348	-92	-120	248	-9168	4208	12760	-4	21	-21	-14336	4728	-6672	-12	0	19	-3120	2576	16440	10	-5	-19	126	90	5
-9564	-2896	13372	219	60	-117	-14676	448	-7156	-212	90	-138	-3332	-1800	16348	-29	-123	266	-9048	4144	12744	-7	12	-22	-14656	4624	-6672	-32	-3	16	-3248	2592	16800	2	-5	-15	125	91	5
-9604	-2916	13336	229	31	-100	-14592	408	-7120	12	-6	-170	-3408	-1848	16384	46	-104	236	-9048	4024	12600	-14	17	-24	-14536	4280	-6696	-15	2	12	-2880	1728	16536	-7	-3	7	126	112	5
-9580	-2864	13352	197	37	-117	-14648	380	-7204	-20	5	-178	-3340	-1688	16316	-38	-126	270	-9040	4224	12776	-13	16	-29	-14520	4024	-6768	40	-1	22	-2960	1808	16608	5	-2	6	125	119	5
-9616	-2964	13324	110	-51	-141	-14672	544	-6936	-84	-103	-174	-3280	-1668	16264	-45	-117	215	-8976	4136	12592	-16	18	-31	-14608	4376	-6576	86	-5	29	-2920	1784	16544	20	-9	-3	126	129	5
-9576	-2920	13400	-18	-24	-179	-14580	540	-7140	-199	-48	-214	-3016	-1560	16304	-23	-102	309	-9080	4192	12768	-16	22	-32	-14592	4624	-6632	53	4	27	-3128	2120	16544	53	-7	-12	127	150	5
-9556	-2908	13344	-20	-23	-163	-14624	476	-6920	-260	-45	-304	-3032	-1572	16516	-161	-80	387	-9152	4288	12656	-19	21	-28	-14624	4736	-6712	11	13	25	-3296	2304	16632	55	4	-21	125	151	5
-9532	-2996	13364	24	11	-173	-14864	492	-7028	-203	-34	-357	-3184	-1840	16420	-304	-101	399	-9184	4072	12816	-13	24	-27	-14688	4480	-6864	5	16	26	-3336	2408	16632	17	1	-24	125	139	5
-9540	-2896	13280	33	23	-171	-14684	320	-7040	-95	2	-422	-3324	-1776	16252	-261	-112	415	-9200	4120	12760	-9	21	-28	-14464	4640	-6960	-13	6	21	-3216	2376	16456	-15	0	-18	125	153	5
-9544	-2936	13348	35	44	-179	-14608	392	-7072	48	25	-419	-3352	-1796	16356	-371	-169	443	-9096	4184	12760	-10	19	-26	-14672	4552	-6872	11	10	23	-3392	1984	16760	-18	7	-10	125	143	5
-9536	-3032	13284	94	42	-166	-14740	424	-7204	-11	-23	-421	-3432	-1944	16384	-434	-226	482	-9072	4192	12648	-12	17	-29	-14608	4448	-6864	9	1	19	-3280	1824	16656	6	-4	4	126	129	5
-9632	-3016	13332	64	74	-177	-14688	256	-7276	-89	29	-440	-3480	-2112	16428	-277	-214	449	-9000	4144	12672	-11	20	-28	-14496	4408	-7056	8	-4	16	-3424	2040	16680	39	-18	17	125	116	5
-9600	-2996	13304	44	73	-175	-14632	224	-7180	-196	-105	-410	-3476	-2164	16472	-154	-215	486	-8976	4056	12792	-11	18	-30	-14360	4520	-6608	34	-2	16	-3200	2104	16664	56	-7	14	125	118	5
-9596	-2996	13408	73	67	-206	-14592	40	-7168	-84	-151	-313	-3500	-2204	16388	-95	-134	453	-9096	4040	12856	-10	14	-26	-14536	4416	-6824	30	-15	13	-3272	2248	16400	36	-2	4	125	107	5
-9532	-3012	13452	14	-15	-210	-14632	36	-7252	-30	-135	-283	-3368	-2168	16264	-29	-135	396	-9000	4024	12840	-1	8	-19	-14536	4424	-6672	22	-5	15	-3120	2304	16504	24	5	-1	125	114	5
-9556	-2960	13356	61	-32	-240	-14648	100	-7120	52	-129	-256	-3236	-2124	16364	-89	-190	306	-9104	4144	12720	-2	9	-21	-14536	4480	-6704	18	-6	15	-3160	2120	16536	6	1	-4	125	121	5
-9432	-2940	13304	82	33	-170	-14844	112	-6924	65	-138	-233	-3148	-2160	16404	-184	-173	286	-9128	4200	12752	-5	13	-21	-14560	4584	-6632	-3	-8	14	-3088	2352	16616	1	2	-1	126	132	5
-9452	-3032	13152	86	58	-125	-14744	216	-6788	260	-155	-191	-3028	-2096	16492	-161	-128	289	-9080	4056	12720	-8	16	-20	-14552	4480	-6728	0	1	14	-3120	2416	16512	11	23	7	125	137	5
-9436	-3008	13220	105	100	-96	-14896	136	-6776	96	-163	-252	-2920	-2120	16328	-162	-130	274	-9056	4208	12688	-16	17	-32	-14528	4736	-6856	3	-2	9	-3160	2424	16712	-6	28	20	125	141	5
-9572	-3496	13320	375	217	122	-14508	-96	-6888	748	-105	-243	-2908	-2172	16308	-205	-154	225	-9016	4152	12808	-22	23	-39	-14672	4712	-6848	-2	-10	1	-3160	2336	16720	-19	31	40	125	123	5
-9692	-2660	13360	367	118	91	-14816	336	-7280	514	-30	-235	-3004	-2348	16340	-217	-150	172	-8992	4160	12720	-20	14	-33	-14416	4472	-6992	6	-1	-5	-2824	2672	16720	-41	41	42	125	114	5
-9424	-3036	13560	480	113	60	-14656	324	-7068	28	49	-63	-3044	-2328	16416	-104	-192	163	-9056	4016	13024	-16	8	-28	-14496	4560	-6536	56	-8	-14	-3008	2400	16504	-43	44	33	125	118	5
-9516	-2960	13364	611	97	95	-14772	20	-6900	48	123	-103	-3124	-2200	16456	11	-174	167	-9008	4072	12688	-19	8	-27	-14640	4576	-6600	49	-10	-28	-3136	2360	16448	-18	34	41	125	109	5
-9620	-2940	13320	790	93	177	-14780	4	-6996	254	173	-63	-3340	-2272	16392	3	-114	88	-9008	4360	12600	-20	6	-33	-14552	4488	-6664	38	2	-37	-3080	2064	16584	-26	32	42	125	108	5
-9652	-2828	13372	864	56	186	-14768	76	-7140	272	207	32	-3360	-2268	16384	105	-96	-26	-9048	4104	12688	-31	1	-37	-14416	4272	-6840	38	9	-40	-3056	2080	16688	-15	35	48	125	110	5
-9680	-2852	13332	720	107	117	-14700	196	-7264	204	174	110	-3380	-2216	16276	232	-153	-105	-8896	4056	12824	-27	3	-32	-14568	4448	-6512	46	9	-39	-3296	2144	16600	-21	18	52	125	118	5
-9736	-2728	13416	509	78	33	-14612	284	-7288	-45	222	213	-3376	-1972	16384	269	-138	-120	-8944	4152	12752	-29	5	-34	-14472	4408	-6872	33	13	-32	-3416	2144	16632	-30	15	49	125	113	5
-9652	-2800	13316	421	63	-73	-14524	272	-7264	-239	178	227	-3448	-1776	16344	219	-76	-105	-9096	4040	12808	-26	9	-35	-14584	4352	-6552	-2	8	-35	-3352	1824	16632	-18	-1	42	126	126	5
-9704	-2756	13332	352	14	-62	-14576	260	-7272	-216	131	189	-3528	-1756	16276	100	-105	-93	-9048	4048	12592	-32	10	-35	-14536	4272	-7016	-35	8	-26	-3544	1584	16792	-3	-7	35	125	130	5
-9644	-2744	13368	335	15	-54	-14628	272	-7324	-57	71	97	-3532	-1704	16456	24	-169	-59	-9064	4168	12848	-24	9	-35	-14568	4040	-7088	-21	-1	-20	-3344	1680	16656	-3	-14	39	126	126	5
-9616	-2792	13376	298	-33	-119	-14596	400	-7260	-34	53	76	-3516	-1800	16376	-6	-173	23	-9088	4072	12840	-17	7	-31	-14664	4080	-6984	9	-15	-10	-3416	1440	16728	4	-11	40	126	132	5
-9572	-2796	13320	271	14	-120	-14756	476	-7232	-203	-15	13	-3420	-1832	16348	8	-185	92	-8984	4208	12712	-10	6	-21	-14656	4088	-6864	32	-21	-2	-3512	1352	16760	45	-17	36	125	134	5
-9588	-2704	13340	258	40	-145	-14664	404	-7212	-210	-77	10	-3412	-1820	16540	49	-184	147	-9000	4064	12856	-8	1	-24	-14912	4088	-6608	24	-19	12	-3424	1496	16744	48	-24	29	126	138	5
-9652	-2820	13208	261	49	-147	-14720	316	-7092	-130	-110	-49	-3400	-1820	16384	55	-159	201	-9080	4008	12696	-5	15	-23	-14688	4136	-6888	6	-19	19	-3296	1520	16768	54	-26	27	126	146	5
-9612	-2816	13352	213	103	-123	-14548	352	-7248	32	-145	-43	-3288	-1844	16300	62	-149	272	-9032	4000	12760	-4	15	-15	-14536	4240	-6968	-14	-20	26	-3024	1632	16688	48	-18	25	126	147	5
-9572	-2688	13232	151	98	-165	-14568	436	-7152	64	-112	-79	-3112	-1836	16376	22	-139	331	-9080	4176	12712	-3	16	-21	-14856	4144	-6768	-33	-17	41	-3120	1896	17016	52	-19	11	126	148	5
-9608	-2716	13272	168	154	-161	-14652	448	-7152	-281	-76	-142	-3132	-1800	16408	-34	-172	368	-9144	4168	12744	1	23	-19	-14832	4320	-6792	-31	-17	39	-3336	2080	16600	46	-12	-5	125	148	5
-9628	-2784	13448	111	154	-195	-14708	192	-7036	-277	-72	-197	-3176	-1952	16380	-14	-153	347	-9168	4040	12904	3	20	-22	-14408	4304	-6560	-35	-12	35	-3008	2080	16480	51	0	-2	125	148	5
-9712	-2816	13344	182	123	-152	-14736	72	-7040	-232	-85	-186	-3116	-2044	16328	-64	-181	349	-9192	4168	12776	3	13	-13	-14344	4304	-6848	-29	-5	36	-2816	2064	16592	44	-6	-3	126	148	5
-9680	-2728	13308	142	102	-128	-14724	164	-6916	-242	-87	-179	-3024	-2088	16388	-46	-187	310	-8960	4080	12544	7	10	-7	-14624	4400	-6776	-13	-10	39	-2912	2224	16736	39	-3	-4	125	148	5
-9664	-2752	13372	156	78	-121	-14720	120	-6952	-20	-43	-148	-3112	-2196	16392	-16	-227	281	-9032	4120	13056	-1	12	-19	-14760	4432	-6864	6	-2	35	-2984	2376	16544	30	2	-5	126	147	5
-9724	-2760	13376	155	86	-99	-14668	160	-7132	99	-15	-114	-3036	-2140	16408	-31	-141	226	-8960	4232	12608	-5	12	-24	-14560	4456	-6488	9	3	29	-2944	2376	16688	22	-1	0	125	145	5
-9684	-2708	13308	126	87	-113	-14712	96	-6992	131	23	-52	-3120	-2112	16460	-17	-140	218	-8976	4168	12752	-11	22	-29	-14368	4752	-6768	4	5	26	-2896	2408	16656	20	5	0	125	144	5
-9636	-2704	13212	185	76	-118	-14716	132	-6948	138	-8	-93	-3112	-2116	16424	10	-122	188	-9088	4264	12696	-11	17	-27	-14464	4592	-6360	-7	12	13	-3000	2480	16368	21	7	7	125	142	5
-9632	-2700	13244	171	79	-133	-14616	180	-7120	14	59	-53	-3140	-2016	16344	36	-119	227	-9152	4104	12768	-21	14	-34	-14496	4632	-6792	-23	16	1	-3176	2392	16624	9	7	15	126	141	5
-9648	-2768	13324	184	69	-149	-14680	148	-7164	5	28	-22	-3248	-2076	16304	60	-112	179	-9152	4192	12704	-22	13	-27	-14632	4448	-6808	-9	14	-6	-3160	2360	16472	3	11	18	125	140	5
-9688	-2744	13340	168	36	-154	-14636	168	-7048	27	65	-15	-3264	-2048	16368	46	-143	172	-9144	4184	12560	-16	13	-24	-14584	4320	-6952	28	6	-7	-3320	2304	16656	3	13	18	125	138	5
-9656	-2848	13296	168	-29	-135	-14728	240	-7068	-12	29	-19	-3336	-2048	16344	45	-133	136	-9064	4200	12944	-20	8	-28	-14512	4536	-6624	28	4	-18	-3288	2192	16280	4	13	26	126	138	5
-9648	-2728	13288	178	-7	-96	-14668	156	-7064	-15	52	-13	-3360	-2008	16304	38	-94	116	-8928	4368	12504	-21	8	-29	-14696	4400	-6856	2	11	-16	-3416	2144	16768	4	15	30	126	137	5
-9688	-2692	13348	167	-5	-118	-14712	216	-7100	47	6	28	-3300	-1972	16320	27	-92	81	-8936	4048	12656	-25	11	-24	-14640	4248	-6856	6	9	-18	-3304	1872	16600	0	15	31	126	136	5
-9676	-2756	13260	172	-45	-141	-14608	184	-7200	61	5	17	-3248	-1968	16416	28	-108	104	-9080	4208	12800	-26	15	-36	-14688	4280	-6704	7	4	-14	-3296	1848	16632	-5	14	25	125	135	5
-9644	-2700	13380	149	-37	-175	-14660	228	-7212	9	-29	24	-3252	-1952	16276	35	-92	122	-9104	4064	13016	-25	13	-35	-14632	4280	-6896	9	2	-13	-3224	1888	16544	3	9	18	126	135	5
-9672	-2668	13408	183	-2	-121	-14664	256	-7108	19	-56	-10	-3264	-1900	16364	64	-84	142	-9048	4032	12712	-17	9	-28	-14688	4224	-6872	6	4	-9	-3360	1696	16656	5	10	15	126	134	5
-9648	-2792	13364	120	15	-121	-14652	292	-7204	-39	-53	-21	-3204	-1896	16372	36	-67	144	-9000	3960	12904	-13	16	-26	-14648	4072	-6912	16	-7	-3	-3384	1784	16512	16	4	12	126	134	5
-9652	-2716	13332	145	24	-115	-14660	312	-7196	-54	-66	-50	-3220	-1884	16212	7	-121	177	-9136	4032	12840	-15	13	-30	-14640	4200	-7080	12	-1	0	-3344	1872	16760	17	1	17	126	134	5
-9672	-2688	13320	132	-3	-150	-14660	184	-7096	-53	-37	-73	-3264	-1836	16332	-2	-138	201	-9016	4120	12920	-11	16	-26	-14576	4192	-6896	12	-5	8	-3296	1648	16832	14	2	10	125	133	5
-9708	-2780	13216	113	4	-114	-14652	224	-7116	-17	-59	-111	-3240	-1960	16328	-38	-144	173	-9032	4144	12792	-16	13	-26	-14632	4248	-6824	5	-3	11	-3296	1776	16600	19	-3	4	125	133	5
-9628	-2784	13228	150	-21	-183	-14708	236	-7084	9	-48	-79	-3192	-1964	16376	6	-132	203	-9088	4112	12824	-11	20	-29	-14456	4264	-6960	-4	2	16	-3352	1768	16560	31	-9	2	125	134	5
-9708	-2800	13300	141	26	-161	-14652	192	-7036	18	-49	-111	-3216	-2008	16352	-1	-77	192	-9000	4064	12920	-12	15	-31	-14616	4400	-6960	-2	-3	23	-3184	1856	16544	37	-7	3	126	134	5
-9688	-2708	13304	130	-3	-131	-14680	200	-7024	0	-40	-135	-3228	-2044	16296	-68	-133	220	-9072	4064	12984	-12	18	-28	-14608	4296	-6720	14	-8	24	-3232	1920	16672	36	-6	-6	126	133	5
-9696	-2728	13300	144	23	-145	-14668	144	-7100	1	-40	-86	-3268	-2112	16244	-42	-122	242	-8968	4128	12808	-4	18	-28	-14640	4256	-6904	10	-3	31	-3280	1944	16816	34	-8	-7	126	132	5
-9708	-2764	13392	188	-5	-112	-14712	144	-7116	-7	-76	-98	-3328	-2128	16352	-29	-147	193	-9072	4176	12808	-3	12	-23	-14656	4272	-6808	12	0	33	-3336	2120	16720	30	-6	-9	125	132	5
-9648	-2752	13348	184	-44	-157	-14672	204	-7172	-25	-18	-28	-3260	-2124	16508	67	-129	208	-9096	4176	12856	1	17	-23	-14496	4424	-6808	11	-14	31	-3216	2144	16592	39	-9	-6	125	132	5
-9676	-2640	13308	164	-34	-130	-14648	96	-7096	-29	-24	-79	-3180	-2108	16412	66	-131	156	-9072	4072	12760	-3	15	-24	-14568	4416	-6728	6	-11	28	-3192	2016	16856	33	-10	-6	126	131	5
-9676	-2748	13316	170	-11	-115	-14668	80	-7016	-23	-66	-42	-3196	-2092	16380	49	-89	139	-8976	4112	12760	-7	19	-27	-14576	4272	-6872	4	-7	29	-3248	2048	16544	34	-6	-5	125	131	5
-9704	-2760	13280	133	-15	-147	-14684	180	-6964	-47	-45	30	-3164	-2108	16368	36	-96	156	-9112	4120	12912	-5	18	-27	-14424	4592	-6568	10	-8	29	-3208	2120	16688	33	-4	-2	126	131	5
-9644	-2724	13388	192	-34	-135	-14696	168	-7144	-66	-52	-16	-3116	-2080	16384	23	-121	123	-9056	4104	12624	-5	8	-22	-14512	4336	-7000	17	-6	24	-3208	2056	16632	27	-3	-3	126	131	5
-9628	-2752	13328	146	-13	-136	-14700	136	-7068	-43	-4	32	-3152	-2016	16400	68	-134	131	-8880	4272	12520	-9	12	-21	-14576	4464	-6328	13	-11	22	-3072	2200	16352	21	-6	1	125	131	5
-9676	-2796	13244	169	-21	-128	-14708	228	-7112	5	13	26	-3184	-2004	16424	64	-98	118	-9064	4096	12672	-10	16	-29	-14552	4568	-6656	2	-3	17	-3152	2112	16624	26	3	2	126	130	5
-9644	-2736	13344	194	-62	-148	-14624	228	-7096	99	35	15	-3140	-1956	16468	70	-118	119	-8992	4168	12688	-16	14	-32	-14640	4256	-6480	14	0	15	-3016	2056	16648	25	-2	1	126	130	5
-9624	-2800	13264	196	-13	-130	-14696	224	-7112	97	32	-13	-3204	-1984	16436	77	-94	128	-9088	4128	12760	-14	18	-32	-14664	4368	-6480	11	-7	11	-3136	2120	16648	22	0	5	125	130	5
-9576	-2768	13336	169	-45	-109	-14664	264	-7056	131	-4	24	-3260	-1964	16404	63	-95	110	-9048	4152	12472	-14	18	-30	-14528	4304	-6592	6	-4	12	-3064	1872	16368	24	2	9	125	130	5
-9688	-2628	13276	175	-28	-127	-14688	260	-7232	130	-13	28	-3276	-1976	16256	44	-112	127	-9072	3912	12760	-9	16	-27	-14464	4352	-6680	3	1	12	-3232	2056	16592	18	-1	9	125	129	5
-9636	-2652	13356	138	15	-134	-14656	272	-7188	108	-36	7	-3284	-1900	16344	26	-90	121	-8944	4112	12888	-13	16	-29	-14616	4360	-6632	6	4	8	-3320	2008	16800	22	4	8	126	129	5
-9680	-2736	13224	194	-53	-129	-14636	200	-7212	150	-12	-22	-3224	-1892	16492	24	-94	118	-9168	4136	12808	-12	13	-23	-14552	4216	-6912	11	3	12	-3296	1928	16832	17	1	5	126	129	5
-9640	-2760	13260	135	7	-137	-14652	256	-7176	24	-21	-64	-3244	-1904	16312	37	-114	216	-9144	4072	12944	-13	11	-29	-14424	4408	-6632	19	3	14	-3208	1848	16712	21	4	7	125	129	5
-9632	-2680	13380	132	-11	-160	-14640	292	-7196	-68	-25	-70	-3280	-1972	16508	39	-149	213	-8952	4120	12728	-16	16	-31	-14744	4240	-6792	12	-2	11	-3400	2024	16784	22	2	9	126	129	5
-9628	-2712	13448	141	-11	-133	-14732	208	-7104	-69	-35	-80	-3292	-1900	16384	22	-96	195	-8992	4168	12688	-12	16	-27	-14536	4328	-6784	3	-3	11	-3184	1856	16656	24	0	5	125	129	5
-9680	-2680	13316	136	-44	-106	-14600	232	-7144	-11	-32	-79	-3248	-1932	16328	-18	-99	183	-9000	4168	12536	-9	22	-29	-14520	4096	-6560	12	-2	18	-3272	2040	16504	23	-4	2	125	129	5
-9628	-2740	13340	135	-30	-156	-14664	256	-7096	-10	-31	-100	-3184	-2012	16320	-27	-122	182	-9112	4168	12712	-10	17	-23	-14456	4208	-6792	9	-2	17	-3120	2088	16912	23	-2	-1	126	128	5
-9716	-2728	13304	109	3	-114	-14636	212	-7012	12	-45	-122	-3200	-1948	16352	-55	-92	190	-9016	4136	12688	-15	18	-24	-14640	4240	-6784	7	-5	22	-3272	1864	16680	19	-2	2	126	128	5
-9604	-2808	13320	117	13	-156	-14720	228	-7100	-75	-32	-109	-3276	-2008	16368	-3	-129	214	-9032	4240	12864	-11	17	-27	-14648	4296	-6968	8	-9	23	-3408	1936	16680	18	-4	-1	125	129	5
-9664	-2788	13312	124	-11	-182	-14628	192	-7192	-49	-48	-79	-3272	-1932	16340	4	-102	196	-9064	4264	12680	-9	23	-29	-14584	4216	-6936	17	-7	24	-3408	1952	16568	24	-5	-1	125	128	5
-9664	-2724	13308	128	7	-142	-14620	136	-7048	16	-55	-93	-3312	-1928	16332	-15	-72	197	-9112	4000	12984	-9	19	-27	-14464	4472	-6680	15	-9	23	-3248	1888	16504	28	-6	-3	125	128	5
-9696	-2800	13300	112	-4	-195	-14656	176	-7208	-47	-32	-75	-3176	-2000	16412	-55	-118	161	-9040	4184	12576	-4	16	-27	-14608	4248	-6992	15	-4	26	-3048	1840	16448	24	-1	-4	125	128	5
-9692	-2728	13360	149	-46	-170	-14644	228	-7096	-112	-47	-113	-3144	-1956	16484	-24	-110	259	-8960	4200	12920	-6	17	-30	-14648	4312	-6896	17	-9	25	-3184	1952	16616	29	-3	-2	125	128	5
-9632	-2752	13360	138	-10	-160	-14836	204	-7120	-205	-53	-85	-3172	-2020	16468	-23	-99	216	-9072	4160	12800	-8	22	-26	-14680	4408	-6720	8	-9	26	-3264	1984	16560	38	2	-5	125	128	5
-9652	-2744	13436	100	36	-143	-14708	192	-7152	-74	-43	-77	-3208	-2104	16360	32	-56	207	-9136	4072	12888	-6	18	-28	-14328	4304	-6688	-4	-1	27	-3096	2088	16376	35	1	-3	126	128	5
-9660	-2748	13368	111	13	-143	-14604	136	-6996	29	2	-68	-3152	-2040	16376	34	-79	211	-9096	4176	12656	-7	21	-25	-14672	4296	-6840	8	-5	30	-3024	2088	16648	26	-2	-4	125	128	5
-9604	-2736	13276	114	-17	-155	-14656	212	-7144	70	-7	-38	-3096	-1896	16308	4	-125	196	-9080	4216	12584	-8	17	-26	-14576	4192	-6968	16	-8	28	-3272	1976	16552	20	-1	-8	126	127	5
-9668	-2768	13328	145	19	-143	-14692	180	-7052	90	28	-63	-3216	-1952	16568	-33	-155	194	-8984	4104	12680	-2	17	-19	-14600	4376	-6856	11	-2	29	-3160	2008	16552	25	-1	-11	126	127	5
-9700	-2848	13404	149	35	-142	-14760	332	-6916	152	70	-65	-3200	-1992	16428	-14	-107	159	-9056	4224	12648	-6	19	-30	-14536	4320	-7016	2	2	25	-3168	2192	16584	33	-3	-6	125	127	5
-9676	-2700	13392	162	0	-137	-14660	28	-6940	561	116	27	-3160	-1948	16364	-30	-90	133	-8992	4256	12888	-10	19	-26	-14464	4448	-6824	10	4	22	-3200	2224	16664	29	1	-5	125	128	5
-9676	-2752	13256	120	11	-166	-14640	44	-7328	622	65	-52	-3228	-1980	16384	-24	-66	142	-9072	4104	12672	-6	14	-29	-14536	4424	-6984	13	4	18	-3120	2064	16712	19	0	-4	126	128	5
-9680	-2764	13276	160	-4	-129	-14564	320	-7204	395	19	-65	-3268	-1864	16416	-56	-99	215	-8936	3952	12768	-7	14	-26	-14680	4512	-6856	26	2	19	-3216	2152	16712	16	3	0	125	128	5
-9656	-2720	13352	146	-12	-131	-14740	264	-7288	202	45	-117	-3356	-1916	16460	-141	-134	227	-9048	4136	12600	-13	19	-30	-14480	4456	-6784	26	-2	25	-3144	1984	16832	17	6	-6	125	128	5
-9600	-2756	13308	140	13	-101	-14688	132	-7260	106	-9	-102	-3360	-2032	16308	-145	-128	244	-9128	4048	12840	-15	20	-26	-14536	4336	-6976	15	3	18	-3216	2152	16568	31	0	4	126	127	5
-9648	-2712	13392	147	-2	-105	-14736	220	-7272	63	-72	-126	-3408	-2064	16436	-121	-149	209	-9152	4136	12864	-16	12	-31	-14512	4448	-6984	13	0	16	-3144	2056	16368	28	4	3	125	128	5
-9728	-2788	13328	137	74	-110	-14664	112	-7216	24	-116	-35	-3456	-2108	16336	-35	-153	173	-9080	4104	12640	-16	12	-24	-14528	4296	-6648	4	3	18	-3216	1960	16440	11	4	3	126	128	5
-9692	-2724	13232	111	-19	-126	-14608	88	-7188	28	-121	-45	-3348	-2052	16316	12	-162	155	-8960	4216	12712	-20	15	-30	-14624	4296	-6808	15	-1	20	-3384	1928	16672	3	1	3	125	127	5
-9668	-2680	13368	151	-30	-146	-14608	192	-7108	-62	-123	-129	-3220	-1900	16344	27	-153	208	-9072	4096	12816	-16	14	-29	-14584	4408	-6816	17	8	20	-3312	1920	16544	11	7	-1	126	127	5
-9680	-2728	13324	133	15	-150	-14572	264	-7128	-73	-132	-105	-3204	-1940	16320	-92	-154	214	-9120	4136	12800	-11	14	-28	-14496	4168	-6696	23	-1	17	-3168	2048	16512	15	4	-2	125	127	5
-9692	-2716	13192	137	-23	-173	-14680	104	-7192	-3	-120	-88	-3180	-1932	16388	-77	-87	268	-9072	4128	12688	-5	9	-27	-14280	4456	-7072	29	6	19	-3200	1992	16608	20	5	1	125	127	5
-9700	-2772	13344	116	0	-160	-14708	152	-7064	-82	-111	-167	-3136	-1980	16292	-20	-188	274	-8984	4168	12872	-7	15	-21	-14512	4408	-6688	-3	4	14	-3328	2040	16560	15	0	-1	125	127	5
-9688	-2708	13332	132	-20	-149	-14596	156	-7092	-81	-48	-132	-3112	-2108	16388	-10	-173	280	-9136	4192	12672	-10	19	-25	-14592	4496	-6608	-20	3	18	-3312	2040	16592	21	-4	4	125	127	5
-9724	-2696	13288	100	-1	-149	-14632	96	-6964	-72	-32	-161	-3092	-2092	16412	-61	-119	248	-9088	4104	12704	-7	17	-28	-14536	4240	-6888	-5	2	17	-3208	1952	16816	22	2	0	125	127	5
-9724	-2724	13320	130	-51	-156	-14660	68	-7148	31	-35	-111	-3192	-2032	16392	-41	-120	212	-9000	4144	12600	-9	18	-24	-14576	4224	-6800	14	0	19	-3128	1888	16592	28	2	-2	125	127	5
-9644	-2736	13268	116	29	-141	-14732	48	-7084	-31	3	-109	-3256	-2104	16384	-29	-129	180	-9056	3992	12720	-6	17	-24	-14472	4376	-6768	26	-3	23	-3168	1952	16560	20	3	-3	125	127	5
-9692	-2732	13384	141	25	-159	-14696	88	-7144	-26	-36	-106	-3184	-2136	16428	-26	-143	198	-9040	4040	12736	-9	20	-28	-14696	4464	-6952	23	-4	20	-3360	2160	16832	26	2	-4	125	127	5
-9660	-2708	13280	137	-10	-145	-14648	60	-7076	-13	13	-103	-3160	-2100	16324	-16	-54	219	-9056	4136	12576	-9	15	-25	-14480	4456	-6672	4	-2	14	-3344	2040	16544	21	-3	0	125	128	5
-9664	-2788	13280	150	-2	-134	-14680	72	-6984	-50	58	-122	-3228	-2068	16300	8	-87	217	-8952	4064	12792	-11	16	-27	-14552	4520	-6664	-5	1	16	-3208	2040	16568	22	-1	-1	126	128	5
-9640	-2712	13356	150	17	-124	-14768	12	-7056	-23	28	-70	-3272	-2128	16408	31	-113	226	-9000	4224	12696	-9	18	-22	-14520	4280	-6800	-2	-1	19	-3208	2056	16656	16	2	5	125	128	5
-9600	-2736	13280	133	-1	-130	-14708	64	-7100	-37	-8	-66	-3336	-2152	16384	-26	-96	201	-9040	3968	12624	-11	15	-26	-14504	4488	-6904	11	3	15	-3272	2096	16400	18	4	7	126	127	5
-9712	-2688	13260	137	19	-129	-14616	148	-7200	-12	3	-51	-3272	-2136	16312	0	-112	173	-9040	4120	12568	-8	18	-28	-14424	4312	-6976	17	-2	11	-3320	1912	16552	20	0	7	125	127	5
-9696	-2752	13284	166	45	-148	-14696	20	-7204	-20	-6	-48	-3288	-2088	16292	29	-92	146	-9112	4056	12808	-12	15	-23	-14536	4240	-6944	19	-3	10	-3224	2096	16680	20	4	8	126	127	5
-9644	-2720	13368	153	-38	-161	-14704	60	-7216	74	7	-29	-3240	-2108	16428	6	-82	153	-9072	4056	12656	-10	11	-26	-14496	4248	-6824	7	-2	13	-3152	1976	16352	24	-3	8	126	127	5
-9664	-2772	13312	149	-30	-137	-14672	104	-7168	35	7	-19	-3204	-2092	16376	82	-100	141	-8904	4200	12824	-15	15	-28	-14608	4464	-6824	-5	-3	8	-3328	2112	16648	21	-1	8	125	127	5
-9628	-2816	13244	140	-24	-160	-14708	92	-7076	-14	-1	-11	-3224	-2032	16328	71	-105	162	-9008	4168	12640	-11	15	-28	-14576	4368	-7072	2	-1	11	-3440	2016	16680	20	2	6	125	127	5
-9728	-2744	13256	150	18	-127	-14676	140	-7156	-12	-21	-13	-3272	-2076	16360	44	-91	163	-9080	4144	12848	-7	15	-29	-14424	4496	-7008	0	-6	16	-3320	2024	16768	23	-3	10	125	126	5
-9644	-2708	13268	141	-19	-108	-14560	100	-7128	20	3	-59	-3220	-2044	16340	6	-143	172	-9104	4288	12856	-13	16	-25	-14512	4232	-6880	20	-5	15	-3120	2000	16624	20	3	6	126	127	5
-9660	-2808	13308	151	-5	-137	-14672	80	-7112	33	-13	-48	-3276	-2024	16356	26	-150	119	-9112	4040	12840	-11	12	-25	-14528	4368	-6896	27	-12	16	-3224	2048	16424	17	2	4	125	127	5
-9664	-2704	13356	157	2	-142	-14724	92	-7132	-3	-5	-30	-3248	-2060	16412	17	-143	145	-9032	4136	12720	-8	17	-26	-14560	4376	-6776	25	-10	16	-3208	1976	16488	19	-4	-2	125	127	5
-9628	-2784	13496	116	28	-115	-14724	148	-7088	-33	-33	-48	-3284	-2064	16444	24	-93	165	-9144	4256	12816	-12	14	-28	-14328	4440	-7048	17	-3	22	-3288	1824	16568	29	1	0	126	127	5
-9640	-2680	13380	134	-29	-121	-14648	172	-7096	-72	-23	-29	-3244	-2064	16364	58	-84	167	-8944	4232	12712	-8	17	-27	-14624	4456	-6720	4	-3	19	-3208	2040	16424	24	-1	1	125	128	5
-9628	-2804	13356	118	41	-136	-14668	92	-7156	-47	-23	-9	-3212	-2036	16396	59	-131	174	-9048	4120	12600	-7	15	-26	-14608	4416	-6688	2	-3	24	-3216	2008	16816	24	-1	1	125	128	5
-9652	-2708	13308	117	23	-163	-14664	48	-7108	-33	-38	-45	-3264	-2012	16408	3	-125	193	-8960	4112	12736	-6	17	-25	-14664	4416	-6888	4	-3	19	-3280	2016	16432	24	0	-4	125	128	5
-9628	-2820	13408	129	24	-124	-14668	64	-7184	23	-46	-54	-3264	-1984	16352	23	-140	155	-9072	4056	12624	-8	17	-24	-14632	4256	-6960	11	-8	24	-3376	1992	16680	32	0	2	126	127	5
-9708	-2748	13312	106	2	-120	-14680	172	-7248	-22	-76	-10	-3272	-2008	16352	56	-141	163	-9112	4216	12856	-10	16	-27	-14584	4352	-7056	16	-6	21	-3272	1952	16568	29	-4	-6	125	126	5
-9632	-2812	13320	150	-32	-174	-14664	164	-7060	-7	-49	-31	-3168	-2000	16516	52	-121	200	-9040	4128	12752	-8	17	-28	-14456	4400	-6864	14	-10	24	-3296	1872	16680	24	-1	-6	125	127	5
-9640	-2752	13380	158	1	-163	-14708	104	-7124	-11	-48	-53	-3212	-2092	16416	1	-59	171	-9048	4008	12824	-9	15	-28	-14528	4408	-6776	12	-10	26	-3192	2016	16704	27	3	-6	125	127	5
-9636	-2772	13300	122	14	-152	-14708	72	-7028	126	-29	-61	-3152	-1972	16312	14	-109	167	-9048	4112	12712	-6	14	-24	-14520	4288	-6528	14	-5	26	-3144	2120	16392	27	2	-3	125	127	5
-9724	-2740	13276	133	1	-133	-14592	84	-7076	77	-22	-71	-3136	-2068	16396	-27	-106	177	-9008	4144	12808	-4	21	-26	-14624	4376	-6648	14	-7	27	-3200	1872	16552	22	-2	-3	126	127	5
-9720	-2712	13336	122	25	-145	-14712	152	-7012	135	-33	-52	-3136	-1968	16380	-7	-147	211	-9016	4080	12776	-8	18	-25	-14584	4464	-6536	10	4	26	-3192	2072	16840	23	-3	-5	125	127	5
-9596	-2720	13340	154	14	-145	-14636	36	-7164	58	-15	-22	-3164	-2136	16364	15	-84	178	-9072	4176	12808	-11	21	-22	-14640	4456	-6792	7	2	18	-3248	2120	16720	23	0	-4	125	128	5
-9740	-2796	13324	118	75	-135	-14732	96	-7172	48	-27	-70	-3296	-1988	16352	3	-82	164	-9000	4112	12720	-8	19	-31	-14672	4384	-6816	4	11	23	-3176	2056	16688	25	-7	0	126	128	5
