#Activity	standing sitting_down sitting 
#ActivityID	8 6 5 
#Date 08-18-11-52
acc_rf_x	acc_rf_y	acc_rf_z	gyro_rf_x	gyro_rf_y	gyro_rf_z	acc_rs_x	acc_rs_y	acc_rs_z	gyro_rs_x	gyro_rs_y	gyro_rs_z	acc_rt_x	acc_rt_y	acc_rt_z	gyro_rt_x	gyro_rt_y	gyro_rt_z	acc_lf_x	acc_lf_y	acc_lf_z	gyro_lf_x	gyro_lf_y	gyro_lf_z	acc_ls_x	acc_ls_y	acc_ls_z	gyro_ls_x	gyro_ls_y	gyro_ls_z	acc_lt_x	acc_lt_y	acc_lt_z	gyro_lt_x	gyro_lt_y	gyro_lt_z	EMG_r	EMG_l	act
-9576	-2492	13408	177	-27	-135	-15972	1616	-3004	77	-47	18	-15908	-1556	-2848	124	-258	221	-9504	3768	12816	-9	12	-32	-15984	3360	-3192	10	-12	23	-16224	2320	-416	14	-8	7	127	122	8
-9560	-2548	13424	133	-39	-158	-15972	1568	-2920	20	-68	29	-15948	-1440	-2928	92	-181	193	-9432	3744	12704	-10	12	-29	-15896	3152	-3416	5	-8	21	-16264	2080	-600	32	-10	8	123	132	8
-9552	-2540	13504	164	-2	-130	-15908	1576	-2928	-14	-45	13	-15896	-1468	-2948	128	-165	208	-9360	3712	12736	-11	11	-27	-16080	3328	-3456	14	-5	21	-16144	2320	-648	31	-9	8	123	125	8
-9584	-2540	13364	157	-23	-141	-15940	1564	-2940	9	-22	42	-15828	-1496	-2984	34	-134	198	-9256	3688	12648	-8	14	-30	-16000	3304	-3448	12	-8	21	-16264	2352	-496	26	-4	11	124	128	8
-9512	-2492	13428	152	-17	-147	-15912	1596	-2972	43	-60	68	-15900	-1572	-2884	63	-146	228	-9440	3704	12776	-8	16	-31	-16072	3256	-3528	-1	1	19	-16136	2328	-448	31	-2	8	125	125	8
-9568	-2512	13400	165	9	-148	-15948	1584	-2908	42	-61	39	-15952	-1628	-2928	136	-73	204	-9408	3752	12688	-4	16	-33	-16056	3296	-3576	0	-5	24	-16256	2256	-352	34	-7	11	125	129	8
-9580	-2516	13444	188	-41	-146	-15920	1620	-2852	3	-36	33	-15952	-1472	-2916	157	-145	220	-9376	3664	12608	-6	14	-29	-16048	3272	-3400	11	-6	22	-16304	2392	-536	29	-3	6	125	128	8
-9548	-2488	13472	105	-18	-149	-15908	1572	-3072	73	-48	28	-15864	-1416	-2832	93	-83	209	-9384	3680	12600	-9	16	-29	-16056	3400	-3376	11	-7	24	-16176	2336	-624	20	-5	11	126	126	8
-9536	-2488	13348	162	-58	-128	-15888	1608	-3036	68	11	6	-15936	-1452	-3072	88	-126	216	-9296	3760	12568	-10	16	-33	-15896	3344	-3552	-2	-3	24	-16080	2168	-840	39	-10	7	123	126	8
-9580	-2476	13404	168	-5	-147	-15940	1648	-3080	80	-27	16	-15816	-1404	-2860	23	-76	188	-9360	3640	12368	-3	19	-33	-15888	3440	-3560	3	-3	20	-16080	2224	-816	50	-7	5	113	122	8
-9584	-2484	13352	177	-12	-134	-15868	1600	-2932	-31	17	19	-15932	-1392	-2940	54	-79	204	-9408	3832	12712	-5	17	-29	-15880	3200	-3528	25	-11	22	-16168	2408	-696	57	1	6	119	125	8
-9588	-2440	13424	135	-32	-161	-16008	1556	-2976	28	-36	24	-15968	-1572	-2988	101	-96	204	-9232	3688	12520	-9	15	-29	-15936	3304	-3392	34	-13	24	-16232	2304	-640	45	1	3	124	125	8
-9564	-2532	13476	145	6	-154	-15908	1572	-3052	75	0	27	-15912	-1444	-2856	184	-75	206	-9264	3616	12616	-6	17	-26	-16072	3336	-3296	11	-12	24	-16176	2176	-352	29	-1	10	122	127	8
-9564	-2488	13476	133	13	-135	-15928	1616	-2836	104	-2	-7	-15864	-1452	-2872	86	1	268	-9360	3704	12432	-9	19	-27	-16048	3360	-3112	-3	-3	20	-16192	2352	-360	25	5	7	123	126	8
-9580	-2444	13460	146	-6	-130	-15928	1560	-3004	119	14	2	-15884	-1380	-2868	93	17	208	-9320	3712	12528	-6	16	-27	-16016	3344	-3256	-1	1	24	-16136	2368	-512	25	-2	2	125	124	8
-9596	-2536	13440	135	-6	-142	-16036	1660	-3016	47	-11	-2	-16040	-1432	-2856	43	-20	223	-9480	3712	12616	-7	20	-30	-16000	3448	-3352	1	4	23	-16288	2392	-320	8	10	9	125	125	8
-9596	-2536	13524	119	31	-146	-15888	1592	-3044	-101	56	9	-16052	-1384	-2760	110	18	208	-9288	3728	12656	-9	20	-29	-15824	3248	-3368	23	4	21	-16272	2512	-256	15	12	12	125	126	8
-9588	-2496	13408	144	-20	-131	-15764	1612	-2844	-141	91	-26	-15788	-1576	-2616	26	125	215	-9408	3688	12480	-15	15	-28	-15808	3352	-3264	22	17	15	-16088	2584	-488	15	17	2	127	128	8
-9508	-2528	13412	158	-46	-130	-15968	1628	-2856	104	126	-28	-16036	-1496	-2688	183	100	163	-9424	3632	12640	-14	16	-31	-16080	3400	-3192	-11	29	17	-16312	2544	-352	20	-5	-1	125	127	8
-9560	-2484	13464	201	-41	-98	-15980	1656	-2880	269	144	-68	-16072	-1500	-2580	192	91	173	-9344	3680	12392	-15	15	-32	-15856	3304	-3432	-21	40	11	-16048	2264	-448	29	-7	6	124	126	8
-9576	-2492	13464	170	-67	-110	-15920	1636	-2932	280	200	-17	-15916	-1192	-3020	24	-186	158	-9456	3776	12560	-15	13	-35	-15728	3264	-3200	-19	35	11	-16272	2264	-760	43	-22	9	125	133	8
-9576	-2568	13500	170	-30	-114	-15976	1624	-3168	255	189	-30	-15828	-1316	-3356	-168	-192	90	-9352	3840	12688	-11	13	-36	-16072	3384	-3488	-18	30	9	-16256	2408	-1064	36	-34	12	125	123	8
-9540	-2512	13484	152	-2	-125	-15972	1712	-3292	44	115	-36	-15776	-1376	-3432	-442	-221	70	-9336	3664	12616	-17	16	-33	-16048	3072	-3808	-11	21	8	-16216	2272	-1280	29	-23	7	124	127	8
-9620	-2464	13424	141	13	-130	-15948	1700	-3412	-175	12	-38	-15784	-1376	-3780	-478	-242	62	-9544	3664	12704	-15	14	-32	-15896	3264	-3648	10	0	7	-16200	2160	-1336	34	-22	-4	125	126	8
-9620	-2420	13312	122	17	-172	-15916	1688	-3376	-243	-131	-52	-15764	-1360	-3480	-457	-264	115	-9272	3680	12536	-6	15	-29	-16104	3088	-3968	16	-13	12	-16240	2080	-936	44	-15	-7	127	127	8
-9584	-2512	13416	137	9	-150	-15924	1640	-3356	-194	-234	12	-15744	-1412	-3396	-334	-256	116	-9408	3696	12608	-10	14	-28	-16048	3208	-3744	17	-30	19	-16136	2208	-1088	42	-8	-1	126	128	8
-9576	-2444	13396	91	19	-171	-15984	1580	-3212	-126	-348	-64	-15880	-1352	-3248	-303	-220	102	-9368	3560	12656	0	14	-28	-16016	3328	-3336	9	-35	15	-16136	2176	-560	41	-6	-4	124	127	8
-9576	-2432	13404	107	4	-175	-15908	1672	-2960	-180	-400	-42	-15888	-1476	-3096	-272	-196	91	-9496	3648	12584	-1	15	-29	-15888	3352	-3224	-2	-32	18	-16144	2456	-216	28	-11	-3	124	128	8
-9536	-2484	13400	71	53	-212	-15960	1632	-2916	-175	-423	-25	-15872	-1616	-2888	-248	-173	76	-9424	3792	12712	-4	13	-24	-16080	3408	-3480	6	-19	10	-16368	2184	-144	26	-11	0	124	127	8
-9556	-2512	13360	89	11	-193	-15964	1560	-2876	-158	-362	-58	-16000	-1612	-2840	5	-202	107	-9304	3768	12616	-5	15	-26	-15968	3264	-3040	11	-7	12	-16208	2504	-336	20	-18	0	124	127	8
-9580	-2472	13524	97	33	-165	-15888	1572	-2724	-100	-307	-71	-15984	-1716	-2552	-23	-184	72	-9432	3696	12632	-9	15	-31	-15928	3368	-3160	7	-11	16	-16280	2360	-144	1	-21	4	122	123	8
-9572	-2504	13368	105	-21	-153	-15912	1576	-2776	-63	-214	-30	-16028	-1636	-2512	143	-227	118	-9344	3800	12544	-6	19	-32	-16016	3376	-3240	24	7	7	-16176	2112	-128	7	-36	2	125	121	8
-9592	-2520	13308	127	-22	-149	-15920	1644	-2868	-55	-195	-50	-16008	-1516	-2612	149	-299	136	-9376	3824	12576	-5	14	-34	-15976	3424	-3336	13	24	12	-16256	2336	-272	55	-37	-11	124	121	8
-9568	-2532	13412	132	16	-145	-15852	1580	-2820	-91	-81	-9	-15908	-1388	-2732	43	-294	99	-9344	3752	12648	-7	13	-32	-15912	3160	-3344	17	18	9	-16144	2312	-424	70	-28	-1	125	122	8
-9580	-2532	13476	151	-4	-120	-15908	1624	-2732	-12	-39	-6	-15932	-1400	-2708	-106	-286	137	-9376	3728	12632	-7	17	-37	-16040	3200	-3616	10	23	9	-16192	2256	-840	64	-23	3	125	121	8
-9540	-2508	13376	163	-40	-132	-15976	1612	-2856	-10	-14	12	-15908	-1400	-2808	-222	-199	102	-9496	3712	12816	-16	16	-36	-16072	3264	-3536	-9	27	11	-16144	2320	-736	35	-15	5	127	122	8
-9544	-2452	13476	146	-15	-151	-15996	1612	-2928	-27	-23	-28	-15948	-1412	-2828	-146	-146	109	-9480	3640	12728	-14	18	-31	-15880	3424	-3824	-13	17	13	-16024	2392	-1144	-1	-4	2	126	124	8
-9580	-2476	13408	111	19	-142	-16048	1680	-3008	-96	14	-36	-15876	-1480	-2992	-124	-95	140	-9336	3656	12736	-9	15	-31	-16000	3184	-3560	-18	12	14	-16192	2288	-928	-14	-1	-4	123	123	8
-9548	-2516	13516	130	-11	-157	-15968	1604	-2972	-53	-9	-47	-15932	-1552	-2876	-14	-108	147	-9304	3672	12632	-12	17	-33	-16064	3400	-3640	-23	8	13	-16160	2168	-912	-24	0	-5	127	125	8
-9592	-2520	13364	136	19	-143	-15944	1604	-3028	19	-55	-28	-15900	-1560	-2864	71	-43	121	-9472	3728	12472	-9	17	-32	-15824	3168	-3592	7	-2	15	-16064	2344	-824	-13	13	-2	123	124	8
-9556	-2512	13536	120	22	-145	-15968	1652	-3012	34	-30	-53	-15964	-1528	-2980	314	-83	157	-9400	3768	12640	-9	16	-24	-15968	3096	-3648	12	-1	15	-16152	2264	-640	-3	8	1	126	122	8
-9544	-2536	13504	122	12	-132	-15948	1564	-2980	12	-10	-60	-15848	-1520	-2876	240	-45	117	-9408	3696	12680	-12	13	-32	-15896	3288	-3464	-1	-4	13	-16264	2176	-480	12	6	-4	126	129	8
-9624	-2516	13320	138	17	-154	-15920	1556	-2892	10	-25	-32	-15916	-1452	-3052	184	-65	117	-9432	3696	12472	-7	17	-31	-15920	3176	-3576	-5	-3	15	-16192	2376	-776	37	4	-3	124	123	8
-9588	-2472	13388	149	-15	-142	-15944	1600	-2832	-32	-19	-63	-15912	-1436	-2820	120	-64	114	-9336	3744	12600	-8	13	-27	-15864	3344	-3664	23	-10	15	-16016	2168	-504	42	18	3	125	124	8
-9524	-2556	13380	157	20	-132	-15884	1696	-2816	-74	30	-55	-15920	-1376	-2724	161	-58	162	-9432	3648	12672	-11	11	-28	-15840	3368	-3400	29	-18	17	-16032	2376	-528	38	9	4	124	125	8
-9560	-2520	13500	135	-17	-133	-15952	1596	-2884	13	52	-80	-16008	-1660	-2764	111	-89	131	-9488	3704	12536	-13	13	-28	-15936	3240	-3656	11	-6	19	-16200	2400	-640	38	8	0	126	128	8
-9604	-2512	13500	154	20	-169	-15952	1716	-2848	43	44	-10	-15912	-1528	-2836	233	-19	147	-9224	3840	12608	-11	13	-32	-15952	3344	-3656	-3	-3	13	-16072	2320	-128	19	5	-1	124	131	8
-9656	-2528	13392	167	-36	-116	-15928	1652	-2952	-12	36	-33	-15916	-1500	-2900	171	-56	115	-9376	3824	12608	-10	10	-27	-16048	3288	-3584	8	-1	14	-16208	2280	-568	-2	4	-5	122	130	8
-9548	-2460	13456	159	40	-172	-15948	1520	-2832	73	57	-62	-15920	-1532	-2884	227	-49	176	-9240	3720	12600	-17	12	-35	-16048	3384	-3480	2	0	12	-16152	2288	-776	-3	14	-4	126	128	8
-9568	-2476	13408	144	83	-152	-15984	1576	-2848	118	98	-13	-15928	-1500	-2912	270	-83	173	-9488	3792	12472	-13	9	-31	-15944	3296	-3560	-7	1	14	-16240	2248	-432	6	5	-1	127	127	8
-9528	-2464	13412	155	21	-159	-16000	1576	-3016	71	94	-65	-15888	-1464	-2972	169	-75	165	-9448	3736	12592	-17	12	-28	-15952	3392	-3392	4	5	15	-16232	2256	-464	26	20	0	125	125	8
-9536	-2560	13456	168	-8	-153	-15940	1664	-2972	6	81	-30	-15900	-1412	-2968	219	-46	180	-9480	3648	12656	-12	9	-32	-15864	3280	-3808	10	2	16	-16136	2184	-504	22	9	-6	126	121	8
-9608	-2520	13380	157	19	-134	-15924	1584	-3092	-38	114	-33	-15916	-1544	-2892	225	4	147	-9456	3760	12720	-20	13	-30	-15856	3288	-3472	23	-2	19	-16264	2328	-384	17	6	2	127	131	8
-9580	-2488	13464	159	-4	-141	-15968	1660	-2980	-57	81	-33	-15900	-1576	-2896	215	-29	191	-9456	3696	12480	-17	11	-32	-16008	3288	-3544	31	-2	22	-16168	2424	-248	7	-1	7	125	130	8
-9612	-2460	13444	154	-14	-116	-15936	1568	-2980	106	72	-36	-15972	-1608	-2736	273	9	210	-9408	3864	12816	-19	7	-29	-15968	3408	-3344	9	8	17	-16144	2328	-128	9	-6	6	126	128	8
-9604	-2500	13432	172	-55	-157	-15880	1468	-2752	163	87	-6	-15884	-1732	-2828	357	-5	215	-9200	3632	12432	-14	7	-31	-15904	3080	-3448	5	11	17	-16224	2160	-424	22	-2	2	126	127	8
-9560	-2520	13524	162	-27	-154	-15900	1564	-2860	252	97	27	-16004	-1660	-2936	476	-37	183	-9400	3664	12712	-17	10	-27	-16016	3168	-3400	15	13	18	-16200	2112	-488	40	-11	5	125	127	8
-9552	-2552	13388	188	-43	-109	-15944	1588	-3032	175	137	-6	-15856	-1464	-2880	552	-2	205	-9280	3848	12672	-16	11	-30	-16112	3344	-3656	14	18	19	-16336	2280	-472	50	-17	7	130	128	8
-9560	-2504	13404	181	-42	-102	-15948	1608	-3020	191	117	8	-16000	-1328	-2996	527	12	217	-9320	3744	12632	-15	10	-31	-15984	3272	-3352	7	16	16	-16176	2368	-624	45	-26	11	125	129	8
-9652	-2440	13432	162	-1	-144	-15988	1636	-3060	212	96	-25	-15972	-1316	-3164	220	-132	262	-9376	3768	12760	-13	8	-30	-15920	3400	-3800	11	9	14	-16152	2520	-968	52	-17	8	127	126	8
-9580	-2472	13472	160	-10	-136	-15984	1580	-3092	106	120	-24	-15900	-1392	-3180	23	-123	204	-9288	3656	12960	-12	10	-29	-16064	3240	-3616	18	-1	13	-16296	2408	-824	42	-4	2	123	125	8
-9520	-2468	13520	162	-31	-155	-15944	1640	-3172	-27	51	-34	-15856	-1384	-3208	-6	-92	191	-9368	3640	12904	-11	12	-24	-16024	3128	-3720	26	-9	20	-16088	2408	-672	27	-6	-3	126	126	8
-9556	-2440	13540	171	-21	-134	-15944	1664	-3212	-165	18	-15	-15816	-1336	-3280	-159	-150	106	-9424	3648	12480	-6	14	-30	-16088	3256	-3568	5	-6	17	-16256	2216	-464	24	-1	-4	126	125	8
-9608	-2472	13496	137	-20	-178	-15916	1604	-3228	-171	-44	-20	-15844	-1504	-3272	-312	-93	141	-9280	3712	12488	-9	14	-32	-15952	3352	-3568	4	-10	13	-16128	2320	-472	15	3	1	129	129	8
-9564	-2444	13316	101	62	-135	-15932	1620	-3136	-165	-112	-37	-15836	-1536	-3056	-137	-101	166	-9336	3592	12680	-6	19	-25	-16056	3280	-3432	10	-8	17	-16200	2424	-512	22	3	-7	127	127	8
-9556	-2504	13396	115	23	-205	-15924	1632	-3076	-80	-155	-49	-15944	-1560	-3156	-13	-125	120	-9200	3632	12480	-8	15	-30	-16152	3488	-3648	-5	-5	15	-16296	2360	-416	-2	-1	-2	127	128	8
-9568	-2508	13392	94	-3	-132	-15948	1580	-3036	-61	-94	-57	-15980	-1560	-2896	177	-180	118	-9320	3488	12608	-7	13	-31	-16032	3320	-3496	-11	-2	10	-16272	2392	-608	6	4	-2	125	123	8
-9580	-2472	13548	127	1	-162	-15884	1556	-2868	-37	-120	-29	-15928	-1556	-2876	142	-159	104	-9440	3704	12616	-9	17	-29	-15976	3168	-3640	-8	-6	11	-16248	2416	-768	5	3	-4	126	128	8
-9620	-2532	13480	163	-8	-148	-15936	1652	-2932	-24	-92	-47	-15908	-1388	-2812	64	-123	149	-9312	3696	12800	-8	11	-32	-16088	3360	-3496	-5	2	10	-16152	2216	-800	5	-6	1	126	130	8
-9580	-2492	13500	124	30	-154	-15928	1612	-2944	-87	-106	-64	-15892	-1376	-2860	-61	-104	123	-9440	3768	12600	-11	17	-27	-15928	3352	-3584	5	-8	10	-16208	2128	-704	19	5	-1	126	128	8
-9540	-2520	13356	100	26	-151	-15872	1576	-2884	-80	-70	-82	-15880	-1544	-2896	-231	-122	145	-9280	3800	12720	-12	16	-27	-16024	3440	-3568	2	-8	14	-16336	2304	-568	19	3	-3	126	129	8
-9540	-2480	13364	136	-7	-136	-15992	1584	-2860	-68	-37	-53	-15928	-1584	-2884	-60	-189	101	-9264	3656	12728	-13	15	-26	-15992	3336	-3536	5	-6	14	-16224	2272	-672	24	2	0	124	128	8
-9588	-2532	13416	124	-25	-124	-15872	1588	-2880	-93	-35	-46	-15916	-1552	-2892	-21	-206	104	-9416	3656	12800	-13	13	-29	-15888	3200	-3616	24	-21	16	-16120	2360	-680	22	-2	1	125	128	8
-9508	-2480	13524	140	-21	-144	-15924	1616	-3036	-58	-24	-42	-15884	-1628	-2952	-14	-173	83	-9496	3648	12536	-9	13	-28	-15944	3376	-3424	17	-8	10	-16112	2360	-528	15	1	-3	129	126	8
-9600	-2484	13448	186	-25	-142	-15964	1668	-2972	0	-67	-55	-15932	-1544	-2996	102	-166	143	-9304	3752	12640	-14	16	-29	-15752	3312	-3360	-4	-4	12	-16312	2480	-464	24	-18	-3	123	128	8
-9568	-2476	13428	147	-22	-115	-15876	1604	-2968	-4	-42	-20	-15936	-1500	-3052	250	-142	131	-9416	3648	12584	-13	12	-31	-15952	3320	-3536	8	-6	8	-16120	2272	-320	16	-9	6	121	131	8
-9540	-2492	13440	149	20	-164	-15880	1564	-3144	15	-75	-37	-15852	-1508	-2912	196	-149	157	-9360	3488	12776	-16	13	-28	-15872	3288	-3480	24	-6	11	-16224	2320	-880	31	-9	-3	124	128	8
-9536	-2496	13420	136	-21	-149	-15960	1568	-3048	34	-92	-13	-15832	-1568	-3092	84	-111	153	-9384	3632	12568	-12	12	-31	-16024	3320	-3360	12	-8	18	-16280	2224	-488	22	-13	-1	130	129	8
-9620	-2480	13520	156	4	-171	-15952	1608	-2968	-11	-99	3	-15864	-1516	-2928	-35	-172	138	-9400	3824	12536	-13	11	-29	-16088	3232	-3704	8	-4	15	-16312	2184	-528	32	-17	3	128	128	8
-9556	-2528	13540	138	2	-190	-15972	1616	-2936	-148	-87	-21	-15880	-1444	-2924	65	-175	117	-9328	3608	12480	-17	17	-27	-15848	3320	-3472	9	-10	15	-16216	2080	-584	33	-26	2	120	124	8
-9516	-2536	13516	153	-17	-157	-15956	1556	-2860	-46	-86	-59	-15976	-1564	-3012	160	-192	125	-9376	3616	12696	-13	11	-29	-16000	3488	-3488	18	-13	16	-16240	2336	-448	35	-8	1	127	127	8
-9592	-2472	13388	124	-17	-150	-15976	1620	-3028	62	-82	-21	-15884	-1492	-2852	163	-178	168	-9416	3664	12776	-12	15	-26	-15984	3128	-3472	15	-8	16	-16264	2424	-592	31	-14	1	125	129	8
-9544	-2492	13392	129	-3	-135	-15932	1708	-3032	-10	-90	-23	-15808	-1508	-2944	15	-130	189	-9296	3688	12640	-10	10	-26	-16016	3320	-3472	5	-7	16	-16200	2272	-408	14	-12	4	130	128	8
-9508	-2552	13468	118	8	-152	-15928	1504	-2944	-51	-86	-56	-15996	-1580	-2848	-42	-107	193	-9360	3800	12744	-12	10	-27	-16040	3400	-3488	-11	1	13	-16216	2376	-304	2	-15	3	128	128	8
-9564	-2480	13464	158	5	-143	-16004	1588	-2904	132	-99	-22	-16000	-1584	-2924	142	-125	170	-9320	3632	12624	-13	15	-30	-16048	3208	-3576	-27	3	15	-16328	2208	-528	0	-23	7	127	127	8
-9600	-2476	13464	118	-8	-145	-15932	1632	-2952	151	-87	7	-15924	-1480	-2856	180	-151	136	-9272	3712	12448	-10	18	-31	-15984	3256	-3352	-8	1	15	-16408	2368	-392	-6	-47	7	126	127	8
-9512	-2500	13488	119	40	-133	-15904	1644	-2984	147	-87	-20	-15920	-1464	-3052	299	-135	190	-9344	3664	12576	-5	18	-31	-15928	3296	-3552	2	-8	18	-16480	2448	-704	-20	-67	22	126	127	8
-9608	-2516	13408	129	13	-164	-15908	1600	-2988	90	-90	-26	-15856	-1528	-3080	191	-233	240	-9296	3536	12408	-10	20	-31	-15888	3192	-3472	-7	1	19	-16240	2376	-528	-35	-77	25	126	130	8
-9572	-2456	13440	96	-51	-139	-15892	1572	-2904	169	-103	-13	-15880	-1640	-2924	112	-278	263	-9432	3576	12600	-9	18	-32	-15984	3408	-3560	-10	-1	17	-16072	2520	-504	-33	-74	30	127	128	8
-9504	-2460	13392	89	3	-135	-15900	1560	-3004	287	-96	6	-15892	-1672	-2924	347	-322	182	-9336	3672	12536	-12	17	-27	-15880	3232	-3768	-13	-12	20	-16216	2224	-608	-51	-63	31	124	129	8
-9580	-2532	13448	102	-22	-157	-15916	1628	-3032	277	-77	-1	-15992	-1456	-2996	374	-387	218	-9336	3608	12776	-10	17	-31	-15952	3096	-3824	5	-11	15	-16016	2208	-360	-31	-61	32	125	131	8
-9520	-2516	13364	89	8	-137	-15908	1516	-3056	275	-104	66	-15884	-1504	-3136	259	-429	205	-9360	3640	12608	-12	12	-27	-15976	3152	-3552	21	-22	21	-16168	2312	-504	-1	-59	19	126	126	8
-9636	-2472	13488	141	0	-157	-15944	1588	-3072	181	-146	35	-15836	-1596	-3156	70	-454	210	-9288	3648	12456	-11	15	-23	-15864	3392	-3728	5	-21	21	-15984	2400	-552	17	-58	19	127	127	8
-9612	-2488	13416	139	-7	-158	-15892	1632	-3008	67	-120	45	-15824	-1432	-3120	-3	-492	180	-9272	3552	12512	-11	13	-23	-16000	3344	-3944	1	-26	16	-16368	2512	-528	28	-57	7	126	122	8
-9540	-2544	13512	124	13	-168	-16064	1676	-2892	-50	-195	57	-15916	-1384	-3060	-236	-540	177	-9384	3744	12720	-16	14	-29	-16040	3256	-3384	6	-28	22	-16256	2576	-328	7	-72	18	127	129	8
-9500	-2508	13440	128	-1	-160	-15984	1560	-2928	-51	-221	33	-16008	-1496	-2888	-138	-648	140	-9536	3592	12592	-8	14	-26	-15936	3256	-3384	11	-23	18	-16112	2408	-136	-4	-84	13	122	126	8
-9584	-2492	13448	139	5	-173	-15940	1648	-2964	45	-262	61	-15960	-1392	-2900	-133	-783	141	-9432	3704	12688	-12	17	-26	-15952	3296	-3440	14	-23	18	-16224	2400	-24	2	-90	12	126	127	8
-9564	-2536	13428	104	20	-180	-15908	1728	-3024	-33	-232	91	-15936	-1440	-2928	-228	-839	141	-9168	3648	12440	-14	10	-20	-15832	3184	-3304	26	-20	19	-15984	2576	-80	20	-104	6	126	130	8
-9576	-2496	13464	90	8	-165	-15900	1668	-2888	-207	-229	61	-15892	-1376	-2772	-419	-944	129	-9368	3424	12568	-9	11	-28	-15984	3344	-3184	15	-12	12	-16112	2344	-48	56	-106	5	123	130	8
-9592	-2536	13476	146	14	-169	-15932	1512	-2716	-172	-159	70	-15936	-1672	-2564	-389	-1044	63	-9288	3616	12776	-18	9	-25	-16048	3512	-3296	-6	-11	8	-16192	2448	-160	70	-101	6	127	129	8
-9612	-2480	13432	175	-70	-148	-15876	1548	-2772	-26	-147	95	-16096	-1720	-2524	-171	-1172	49	-9312	3680	12736	-19	9	-30	-16000	3368	-3392	-16	0	5	-16224	2560	-136	78	-99	-1	128	126	8
-9576	-2504	13408	207	-61	-174	-15936	1616	-2696	-34	-75	109	-16108	-1508	-2364	-47	-1336	-41	-9264	3808	12656	-15	10	-26	-15976	3464	-3368	-1	-15	3	-16256	2504	-320	67	-103	0	127	129	8
-9604	-2528	13456	261	-64	-170	-15828	1576	-2748	68	18	104	-16108	-1528	-2220	-185	-1553	-42	-9416	3696	12688	-15	11	-29	-15912	3240	-3616	-10	-15	4	-16120	2392	-360	72	-109	-8	127	126	8
-9564	-2492	13428	168	-33	-165	-15880	1632	-2648	41	117	125	-16064	-1372	-2100	-152	-1657	-66	-9440	3768	12680	-13	9	-26	-15992	3160	-3440	13	-17	4	-16328	2360	-304	91	-106	-14	125	122	8
-9516	-2520	13420	-96	-33	-213	-16008	1780	-2676	-23	230	75	-16136	-1296	-2140	-541	-1565	-110	-9368	3720	12712	-11	9	-28	-16000	3216	-3448	34	-24	6	-16280	2408	136	112	-112	-17	126	125	8
-9472	-2420	13552	-162	49	-192	-16072	1720	-2964	-127	235	77	-16144	-1280	-2292	-763	-1524	-148	-9472	3600	12760	-12	9	-24	-16024	3472	-3432	5	-21	1	-16272	2272	224	118	-128	-14	127	124	8
-9556	-2452	13320	-97	39	-178	-15880	1624	-3012	-150	243	65	-15916	-1404	-2344	-1274	-1490	-135	-9232	3712	12936	-14	14	-28	-16056	3248	-3360	-13	-2	-1	-16248	2424	400	130	-143	-9	124	122	8
-9556	-2628	13352	-53	-9	-179	-15928	1576	-2964	-153	248	67	-15956	-1448	-2496	-1500	-1660	-233	-9280	3672	12776	-12	12	-26	-16080	3440	-3360	1	-4	0	-16264	2384	544	122	-169	-6	126	120	8
-9564	-2600	13404	32	-65	-165	-15976	1672	-2976	-31	257	72	-15984	-1616	-2276	-1780	-1803	-308	-9384	3664	12720	-6	15	-27	-15936	3528	-3232	2	13	0	-16264	2536	800	134	-183	5	127	122	8
-9544	-2600	13396	69	-16	-145	-15916	1672	-2832	-150	312	142	-16004	-1840	-2148	-1660	-1911	-326	-9344	3744	12704	-1	16	-28	-16080	3304	-3152	-1	36	-5	-16224	2376	592	153	-203	6	124	127	8
-9592	-2508	13416	120	-55	-125	-15928	1584	-2932	30	254	102	-16056	-1724	-1956	-1397	-1942	-352	-9352	3544	12816	-15	13	-33	-15864	3312	-3096	12	34	-6	-16240	2264	792	163	-210	10	126	126	8
-9560	-2584	13464	164	-30	-141	-15964	1688	-2788	147	344	175	-16160	-1788	-1924	-961	-2023	-381	-9288	3824	12528	-15	12	-34	-15776	3376	-3288	-28	55	-11	-16096	2384	456	164	-256	24	120	125	8
-9540	-2580	13440	174	-61	-132	-15980	1640	-2904	251	333	130	-16128	-1804	-2084	-578	-2203	-387	-9312	3664	12608	-12	15	-34	-15968	3152	-3712	-51	75	-10	-16264	2384	560	169	-245	27	126	125	8
-9528	-2524	13448	220	-39	-111	-15912	1748	-3016	322	292	132	-16032	-1488	-1976	-547	-2346	-376	-9312	3616	12568	-13	15	-31	-16168	3080	-3424	8	65	-11	-16240	2512	344	168	-256	25	127	124	8
-9556	-2596	13456	195	-30	-122	-15888	1780	-2988	174	332	123	-16012	-1388	-1708	-800	-2411	-366	-9320	3704	12560	-11	16	-32	-15992	3200	-3576	27	54	-3	-16392	2368	608	131	-253	21	124	127	8
-9520	-2504	13464	182	-33	-136	-15944	1784	-2916	8	344	76	-16084	-1544	-1624	-1232	-2366	-386	-9464	3760	12504	-13	12	-34	-15800	3208	-3328	12	74	0	-16040	2488	984	96	-267	30	130	127	8
-9480	-2516	13484	208	-16	-149	-15956	1692	-2884	-52	469	90	-16152	-1528	-1144	-1521	-2510	-433	-9288	3656	12624	-12	15	-27	-15984	3248	-3368	-13	88	-5	-16112	2440	1128	89	-297	40	130	124	8
-9536	-2660	13448	173	-28	-108	-15948	1692	-2684	270	560	149	-16264	-1568	-1224	-1455	-2772	-533	-9480	3552	12456	-10	16	-30	-15832	3128	-3360	-10	101	-3	-16344	2256	952	69	-313	47	127	126	8
-9512	-2516	13548	172	17	-97	-15824	1836	-3040	165	637	82	-16252	-1608	-1224	-1573	-2756	-569	-9336	3632	12736	-9	16	-33	-16072	3024	-3560	-7	109	0	-16232	2280	1064	85	-278	42	123	131	8
-9600	-2548	13508	160	71	-83	-15944	1752	-3224	-170	677	122	-16220	-1444	-1840	-2364	-2819	-442	-9248	3856	12544	-5	21	-33	-16072	3024	-3440	33	123	9	-16328	2608	1248	99	-263	58	126	128	8
-9564	-2516	13504	195	57	-100	-15856	2000	-3456	-546	597	54	-15848	-1448	-1844	-2607	-2751	-410	-9344	3672	12376	-7	20	-34	-15840	3344	-3736	-12	125	10	-16384	2648	1016	18	-280	57	126	131	8
-9544	-2480	13304	143	8	-138	-15848	1680	-3236	-559	487	0	-15748	-2156	-1780	-2606	-2883	-414	-9360	3600	12472	-10	23	-32	-15848	3288	-3848	-74	134	-1	-16136	2440	920	-5	-277	52	131	129	8
-9540	-2576	13400	116	19	-103	-16004	1388	-2944	65	359	75	-16116	-2592	-1276	-1553	-3070	-375	-9368	3752	12656	-9	23	-31	-15848	3032	-3984	-55	130	-2	-16096	2360	1032	14	-280	37	129	129	8
-9516	-2636	13428	155	-28	-109	-15928	1556	-2684	931	334	129	-16292	-2796	-448	-63	-3036	-449	-9360	3656	12624	-2	21	-34	-16072	3232	-3984	-32	109	9	-16224	2376	1416	41	-300	44	127	128	8
-9508	-2640	13528	137	-16	-86	-15784	1740	-2796	1166	495	120	-16252	-2404	-64	919	-3076	-515	-9344	3680	12544	1	21	-30	-16104	3120	-3904	-14	101	6	-16192	2712	1376	64	-325	54	126	128	8
-9616	-2396	13428	166	-14	-63	-15908	2236	-3108	948	592	106	-16288	-1400	160	1023	-3010	-385	-9264	3664	12752	9	22	-33	-15896	3208	-3808	-53	107	6	-16024	2760	1896	38	-320	56	125	129	8
-9612	-2468	13400	141	27	-111	-15696	2076	-3100	141	870	23	-16108	-1040	124	193	-3003	-296	-9400	3656	12712	3	16	-30	-15784	3256	-3872	-66	116	6	-16288	3168	1896	110	-250	32	127	127	8
-9508	-2668	13420	187	3	-73	-15976	1540	-3152	196	1065	-82	-16032	-1524	-244	-911	-2860	-265	-9352	3552	12480	4	15	-25	-15792	3280	-3624	-34	116	10	-15944	2720	2296	137	-248	9	127	125	6
-9484	-2592	13456	232	-4	-9	-15880	1464	-3044	639	1065	3	-15948	-2276	-496	-1096	-2744	-494	-9328	3712	12376	-9	10	-34	-15760	3352	-3896	-53	133	11	-15960	2288	2792	186	-252	-7	128	129	6
-9616	-2512	13388	220	-8	-22	-15768	1484	-3088	1173	1023	64	-16104	-2524	360	-816	-2989	-749	-9264	3824	12776	-14	9	-39	-15968	3296	-3640	-10	155	11	-16016	1840	2760	195	-316	-22	118	131	6
-9496	-2520	13452	271	-47	-19	-15616	1724	-2680	1670	1209	74	-16496	-2064	1020	108	-4170	-711	-9320	3896	12680	-17	10	-52	-16312	3216	-3952	-3	155	22	-16368	1696	2432	268	-343	-42	126	130	6
-9564	-2476	13532	359	-145	88	-15552	2036	-2752	1550	1468	-93	-16576	-1464	1740	250	-5178	-615	-9288	3464	12680	-20	13	-55	-15744	2488	-4616	41	140	28	-16624	1560	1440	239	-322	-8	126	129	6
-9504	-2360	13372	281	-1	59	-16184	2004	-2760	741	1988	-160	-16968	-1184	1748	-1028	-6117	-456	-9528	3576	12688	-9	23	-32	-15336	2784	-4776	110	123	33	-15904	2088	952	224	-293	11	126	127	6
-9580	-2676	13372	364	-1	125	-16080	1264	-2892	969	2331	-181	-15928	-1460	1224	-2030	-6275	-580	-9384	3792	12624	-10	16	-26	-15384	3680	-4424	10	112	39	-15688	3008	776	175	-302	30	130	131	6
-9604	-2604	13408	408	-44	177	-15800	1192	-3092	1627	2527	-105	-15808	-2184	1312	-3084	-6680	-502	-9408	3648	12560	-18	17	-20	-15600	3392	-4448	-116	127	32	-15992	3360	1768	82	-344	48	128	133	6
-9636	-2488	13468	483	-157	225	-15688	1328	-3144	1672	2651	-134	-16116	-2304	1000	-2024	-6768	-852	-9384	3512	12752	-21	8	-19	-15832	3208	-4392	-91	124	19	-16400	3232	2200	-85	-379	40	127	136	6
-9636	-2300	13524	522	-180	144	-15324	2040	-4444	738	2860	-181	-15212	-1644	792	-1514	-6365	-951	-9432	3744	12424	-22	5	-22	-15640	3216	-4112	-46	112	21	-16136	2968	2808	-210	-373	24	130	128	6
-9500	-2348	13440	550	-201	26	-15440	1852	-4276	576	2894	-173	-15480	-1528	444	-2407	-5884	-557	-9248	3816	12680	-20	1	-29	-15688	3144	-3984	-57	114	23	-16144	2624	2912	-315	-446	17	127	130	6
-9524	-2300	13372	613	-233	111	-15628	1412	-5340	587	2417	-266	-16200	-1832	-384	-2812	-5241	-213	-9384	3608	12744	-26	1	-25	-15792	3552	-4304	-124	140	15	-16120	2544	3344	-324	-466	14	129	127	6
-9616	-2156	13488	453	-147	1	-15924	1924	-5072	-103	2031	-323	-16644	-2172	332	-2077	-5318	-385	-9424	3560	12656	-26	8	-28	-15888	2976	-4448	-143	161	16	-16112	2128	3272	-265	-454	13	124	120	6
-9544	-2472	13444	451	-114	72	-15880	1548	-4984	113	1675	-146	-16400	-2624	1020	-1309	-4553	-650	-9360	3616	12768	-19	7	-26	-15880	3248	-4448	-59	153	27	-16128	1888	3384	-164	-490	26	128	119	6
-9516	-2120	13524	468	-136	5	-15352	1444	-5384	90	1334	-206	-16204	-2500	200	-2216	-3671	-309	-9304	3640	12888	-20	9	-30	-15832	3480	-4680	-55	142	27	-15928	2160	3008	-81	-498	33	132	104	6
-9572	-2164	13504	402	-128	-110	-15480	1836	-4904	10	1087	-70	-16420	-1772	1872	-1599	-4407	-239	-9400	3872	12536	-15	10	-29	-15872	3328	-4672	-31	143	31	-16200	2424	3144	-16	-543	55	122	109	6
-9568	-2372	13516	342	-53	-167	-15652	1932	-4456	-244	1069	-156	-16300	-2144	2340	-881	-4674	-554	-9456	3656	12528	-17	2	-29	-15584	3304	-4792	-17	130	22	-16360	2400	2488	-32	-555	59	131	111	6
-9564	-2344	13528	327	-16	-154	-15368	1780	-4720	-256	1261	-345	-15684	-1884	2868	-1623	-4311	-665	-9248	3560	12512	-26	-8	-30	-15096	3288	-5072	-45	125	21	-16064	2648	3240	-18	-538	73	131	120	6
-9532	-2244	13516	367	-71	-230	-15352	1664	-4968	-559	1297	-315	-15700	-2168	2592	-2531	-3800	-228	-9344	3584	12744	-21	-3	-25	-15984	2992	-4872	7	117	47	-15624	2368	4048	-58	-556	68	117	120	6
-9504	-2468	13480	303	-36	-199	-15960	1560	-4580	-1262	1367	-348	-16256	-2088	2540	-1765	-4310	-289	-9296	3568	12688	-21	3	-23	-15504	3096	-4992	57	108	51	-16168	1976	4184	24	-558	14	127	126	6
-9572	-2204	13532	338	-105	-167	-15392	1216	-5348	-1523	1139	-271	-16132	-2736	1880	-1900	-3980	-546	-9464	3600	12352	-21	2	-15	-15416	3032	-4448	116	126	61	-15680	2248	4672	27	-555	-12	136	130	6
-9680	-2272	13492	431	-179	-176	-15184	1064	-5564	-1884	1105	17	-15996	-2440	1984	-2040	-3249	-765	-9256	3696	12568	-24	0	-19	-15640	3544	-4544	66	119	68	-15272	2424	5016	61	-587	-18	137	111	6
-9604	-2144	13576	389	-229	-258	-15728	1752	-5340	-2296	752	73	-16140	-2560	2880	-2260	-3459	-938	-9192	3648	12696	-25	1	-32	-15888	3376	-4960	-10	126	74	-15856	2712	4568	21	-624	33	127	116	6
-9576	-2272	13632	414	-271	-271	-15752	2012	-4996	-2475	629	37	-16112	-3064	3396	-1499	-3425	-1033	-9400	3648	12880	-17	0	-33	-15464	3080	-5192	-24	117	49	-16232	2472	3912	4	-599	31	134	131	6
-9488	-2216	13660	236	-259	-368	-15336	1656	-4744	-2286	554	-60	-15792	-2328	3872	-1340	-3693	-778	-9344	3728	12472	-15	-10	-29	-15000	3320	-5664	-21	89	39	-15912	2976	4376	26	-566	5	133	102	6
-9520	-2288	13648	90	-237	-401	-15576	1848	-4420	-1672	586	-196	-15620	-2180	3724	-1334	-3837	-535	-9288	3456	12688	-6	-1	-15	-15888	3272	-5344	5	67	52	-15448	3368	5096	8	-554	8	131	106	6
-9540	-2324	13428	196	-260	-345	-15328	1716	-4776	-779	649	-132	-15508	-2612	3916	-992	-4577	-772	-9176	3752	12912	-2	4	-15	-15976	3296	-4856	57	60	57	-15480	2512	5416	-19	-563	0	132	99	6
-9396	-2484	13484	175	-212	-283	-15648	1672	-4836	-241	774	-204	-15424	-3452	4340	-1308	-4391	-859	-9152	3712	12544	-4	8	-15	-15376	3192	-4816	54	80	62	-15168	2104	6384	36	-587	-10	133	103	6
-9208	-2424	13376	275	-187	-253	-15556	1860	-4160	-117	743	-151	-15600	-3592	4016	561	-4163	-889	-9192	3792	12840	3	17	-16	-15464	2928	-4576	69	82	60	-15104	2144	6192	100	-556	-20	125	107	6
-9428	-2340	13576	314	-61	-135	-15544	1220	-4740	992	669	-282	-15672	-3252	4428	979	-4412	-731	-9200	3840	12576	-6	12	-33	-15288	3952	-5144	17	84	67	-16160	2160	6016	125	-558	19	127	112	6
-9384	-1980	13552	249	-70	-184	-15196	2352	-4632	962	749	-267	-15484	-1796	4784	1830	-4600	-871	-9248	3616	12568	-9	11	-34	-15520	3360	-5288	-20	106	75	-15424	2304	5248	207	-549	20	130	114	6
-9508	-2132	13604	147	-5	-241	-15312	2420	-4948	22	922	-364	-15196	-1748	5624	1050	-4632	-686	-9232	3664	12720	-1	12	-26	-15568	3360	-5336	5	96	70	-15208	2912	6048	185	-585	19	127	122	6
-9556	-2328	13632	98	69	-238	-15536	1828	-4656	-349	1272	-664	-14864	-1860	5528	92	-4925	-632	-9376	3336	12728	-1	18	-29	-15448	3088	-5032	60	89	90	-15032	2744	6024	46	-537	3	124	120	6
-9480	-2412	13536	49	82	-219	-15376	1512	-4572	-505	1469	-677	-14768	-2988	5312	-168	-4982	-790	-9352	3752	12416	10	22	-24	-15528	3544	-4816	109	73	94	-14808	2936	7064	14	-551	-1	129	125	6
-9524	-2576	13460	152	-16	-134	-15180	980	-5024	188	1588	-586	-14720	-3440	5028	-887	-5036	-873	-9448	3968	12560	19	23	-15	-15352	3632	-4896	113	71	100	-14616	2744	7064	23	-560	4	126	128	6
-9512	-2248	13612	158	-47	-163	-15408	1244	-5436	424	1480	-412	-15004	-4012	5564	251	-4835	-1335	-9296	3672	12656	-3	13	-27	-15176	4136	-4752	49	124	79	-14728	3200	6864	-10	-570	40	125	126	6
-9472	-2284	13596	99	-127	-184	-15516	1716	-5204	-96	1572	-244	-15024	-3960	5828	959	-4499	-1417	-9256	3888	12816	9	-1	-17	-15312	3856	-4960	-21	143	59	-14480	3152	7048	9	-575	29	119	122	6
-9368	-2320	13508	191	-100	-207	-15240	1712	-4780	-645	1613	-332	-14804	-3000	5764	2387	-4551	-1311	-9440	3616	12160	-12	-20	-21	-14840	3536	-5200	32	148	47	-14128	2656	7232	67	-594	27	119	127	6
-9324	-2284	13544	275	-104	-169	-15084	1344	-5112	-162	1765	-382	-14560	-3320	6004	1437	-4367	-970	-9216	3576	12824	-23	-36	-11	-15008	3232	-5072	41	175	53	-14008	2360	7960	21	-603	51	109	130	6
-9480	-2248	13584	291	-152	-112	-15388	1392	-5208	752	1703	-219	-14792	-3292	5868	1073	-4794	-854	-9168	3880	12768	-12	-15	-21	-16152	3440	-5232	49	179	81	-14368	2576	8136	33	-595	19	137	134	6
-9384	-2312	13520	207	-157	-109	-15208	1268	-5668	1011	1621	-218	-15220	-3476	5752	1224	-5060	-1105	-9336	3416	12656	8	-3	-14	-15224	3336	-5456	110	179	87	-14296	2744	7960	22	-607	-9	121	131	6
-9564	-2352	13632	291	-154	-63	-15424	1240	-5832	1057	1592	-180	-15072	-2904	6116	1487	-5107	-1304	-9120	3704	12792	7	3	-11	-15496	3680	-5632	117	206	87	-14280	2944	7688	34	-623	-13	121	130	6
-9400	-2088	13660	248	-172	-101	-15084	1924	-5808	1022	1418	-267	-14884	-2708	6552	2222	-5241	-1333	-9224	3600	12576	-4	-3	-12	-15368	3920	-5248	121	204	87	-14144	2920	7752	30	-618	9	115	136	6
-9548	-2140	13720	-16	-153	-229	-14932	2108	-5556	931	974	-425	-14832	-2036	7208	1643	-5566	-946	-9280	3704	12592	-19	-20	-17	-14856	3704	-5336	101	224	70	-13920	2920	7840	13	-614	13	126	137	6
-9408	-2364	13428	-142	-71	-259	-14888	2040	-5704	336	1465	-629	-14384	-1808	7652	418	-5601	-537	-9176	3912	12808	-28	-30	-16	-15440	3752	-5696	62	223	71	-14280	2992	8784	-6	-551	35	122	132	6
-9352	-2240	13776	-201	35	-333	-15208	2100	-5744	-64	1667	-865	-14156	-1960	7648	-167	-5182	-603	-9112	3632	12776	-31	-19	-24	-15144	3440	-6056	33	248	68	-14368	2496	8528	50	-559	-3	126	128	6
-9324	-2240	13476	-173	20	-328	-15272	1456	-5788	-535	1883	-915	-14228	-3412	6804	-435	-5417	-387	-9368	3744	12488	-16	-15	-10	-15088	3640	-6256	136	213	59	-13208	3480	8920	-1	-557	43	121	136	6
-9460	-2328	13484	-78	-20	-272	-14896	708	-5960	308	1895	-912	-13812	-3976	7816	-171	-5667	-480	-9096	3904	12768	6	-19	-1	-15216	3752	-5632	165	215	65	-13376	2560	8712	-58	-567	47	120	135	6
-9320	-2400	13540	-36	-33	-208	-14960	680	-6000	476	1862	-892	-13996	-4408	7756	724	-5723	-772	-9088	3736	12888	-2	-12	-13	-15048	4168	-5720	57	228	43	-13512	2968	9304	-20	-579	66	117	128	6
-9392	-2476	13592	107	0	-154	-15140	1312	-5864	798	1692	-731	-14000	-3888	7284	1039	-6125	-481	-9104	3800	12672	-5	-17	-25	-14872	3432	-6368	-16	217	46	-13656	3104	9152	13	-585	74	130	124	6
-9508	-2324	13496	88	-90	-157	-14888	944	-6464	1045	1622	-722	-13744	-3108	8164	1258	-6154	-682	-9064	3792	12592	-15	-22	-17	-14936	3328	-6360	106	225	47	-12424	3488	9528	64	-586	73	123	130	6
-9556	-2164	13540	-158	-34	-231	-14908	1108	-6420	114	1676	-573	-13928	-3612	8020	-251	-5606	-498	-9264	3984	12648	1	-27	-15	-15144	4088	-6176	103	204	37	-13688	3240	9560	-39	-586	66	129	128	6
-9468	-2300	13600	-148	-68	-266	-15204	1012	-6344	-228	1590	-445	-14176	-3252	7912	-414	-5515	-454	-9120	3664	12824	20	-36	-6	-15120	3584	-6656	-8	207	33	-13368	3048	9664	-138	-568	79	112	113	6
-9844	-2176	13352	-436	-211	-340	-14708	1152	-6956	18	1601	-551	-14072	-2948	8980	-187	-5439	-978	-9016	3848	12904	12	-32	-5	-15104	3488	-6400	43	248	30	-14744	2608	9904	-40	-620	66	120	105	6
-9280	-1940	13784	-532	22	-356	-15252	1944	-6908	-682	1454	-597	-14016	-3344	8968	634	-5376	-829	-9104	3640	12656	-5	-35	-14	-15008	3584	-6656	110	195	38	-12696	1840	10040	14	-569	27	125	94	6
-9448	-2344	13732	-601	119	-455	-15108	2012	-6668	-1815	1404	-851	-13484	-3024	9412	1340	-5390	-506	-9040	3856	12776	-3	-38	-12	-14952	3112	-6680	113	201	52	-13496	2400	10280	110	-575	20	132	117	6
-9368	-2488	13472	-655	221	-479	-14792	1368	-6556	-2699	1650	-1055	-13008	-2744	9572	258	-5414	-13	-9104	3584	12728	-5	-17	-4	-14992	3192	-6456	183	199	48	-11848	3056	10304	53	-584	46	123	99	6
-9468	-2560	13588	-638	226	-420	-14912	868	-6748	-2126	1717	-992	-12588	-3440	9376	-876	-5210	-239	-9056	3912	12856	4	-15	-9	-14760	3968	-6720	144	185	59	-13272	3056	9824	-38	-588	51	123	93	6
-9308	-2724	13280	-405	203	-350	-15008	624	-5836	-1557	1617	-871	-12308	-3140	9376	-1544	-5768	-418	-8992	3864	12784	-8	-3	-22	-14880	3776	-6488	25	187	70	-12832	2832	10248	-63	-628	43	130	150	6
-9404	-2508	13568	-374	97	-272	-14600	848	-6464	-577	1471	-897	-12172	-4360	9972	-510	-5726	-681	-9040	3776	12952	29	-8	-18	-14560	3272	-7088	-145	183	49	-12168	2448	10968	-38	-613	24	115	129	6
-9352	-2800	13440	-257	119	-250	-15032	800	-6732	-535	1507	-637	-12464	-5264	9824	446	-5420	-653	-8976	3688	12880	39	6	-3	-15080	2936	-7328	-63	199	54	-13328	3144	11728	8	-731	31	127	133	6
-9492	-2448	13672	-474	59	-364	-14780	824	-6976	239	1657	-665	-12500	-4380	10168	697	-5630	-527	-8928	3888	12576	33	9	-9	-14968	3504	-6616	106	173	80	-12312	2360	11032	25	-587	4	129	125	6
-9356	-2640	13360	-490	-34	-391	-14776	1068	-6240	-264	1879	-222	-11868	-4012	10452	1238	-5310	-489	-9080	3856	12784	19	19	-17	-14776	3520	-7080	69	176	94	-14752	2224	11040	70	-645	-1	122	119	6
-9264	-3008	13380	-89	-55	-231	-14860	384	-6320	15	1934	-309	-11532	-3812	10360	928	-5100	-430	-9136	3952	12776	15	22	-18	-14704	3464	-6816	126	195	97	-11584	2720	11368	19	-622	17	139	131	6
-9252	-2756	13528	173	-29	-68	-14772	1016	-6528	788	1899	-411	-11608	-3348	10696	135	-5532	-823	-8944	3776	12872	17	22	-27	-14712	4192	-6848	47	193	83	-11944	2752	11232	-26	-666	30	112	127	6
-9400	-2472	13548	317	5	-17	-14600	1448	-7268	678	1888	-332	-11784	-3288	10748	592	-5680	-771	-9088	3544	12952	46	22	-14	-14240	3456	-7184	-46	196	98	-11272	3016	11816	26	-641	19	120	124	6
-9328	-2376	13552	224	72	-87	-14564	1348	-7408	109	1969	-396	-11636	-3636	10940	925	-6216	-675	-9080	4008	12448	69	21	-4	-14536	3888	-7184	37	209	68	-11624	3376	11960	3	-633	32	116	105	6
-9388	-2616	13632	229	145	-66	-14804	880	-7048	-54	1932	-459	-11856	-3984	10636	1399	-5910	-533	-9096	4104	12960	62	18	-9	-14424	4352	-7096	24	178	97	-11728	3472	11744	8	-624	28	121	112	6
-9500	-2680	13440	-172	40	-189	-14284	572	-7672	519	2052	-314	-12060	-3868	10920	993	-5954	-682	-9352	3824	12952	110	2	14	-14032	3848	-7296	-61	214	61	-11304	3272	11848	-30	-639	53	105	100	6
-9856	-2772	13784	-792	-18	-385	-14352	352	-7880	313	2014	78	-11996	-4384	10988	722	-5685	-782	-9072	4032	13048	182	-38	50	-14360	4064	-7616	-35	239	25	-10680	3632	12184	21	-606	73	118	111	6
-9620	-2776	13492	-1192	-225	-687	-14504	780	-7864	331	1950	286	-11648	-3980	11528	1189	-5527	-1118	-8888	4368	12320	127	-47	35	-14624	4280	-7352	4	215	30	-11344	3360	12968	-80	-734	84	129	106	6
-9268	-2728	13580	-908	-265	-552	-14824	868	-7808	933	1562	146	-11404	-4132	11376	1571	-5458	-864	-8712	3896	12936	99	-49	16	-14624	4280	-7472	5	210	37	-11080	2912	12544	-37	-624	81	118	96	6
-9612	-2764	13724	-901	-381	-708	-14216	1028	-7896	620	1654	125	-10944	-3728	12360	2033	-5522	-675	-8952	4048	12952	101	-46	14	-14480	3648	-7936	-17	229	15	-10776	2080	11728	-48	-703	84	113	110	6
-9320	-2496	13600	-706	-153	-598	-14596	1484	-7876	-312	1615	-2	-10676	-3036	12280	1863	-5457	-431	-8896	3984	12864	94	-48	29	-14424	3408	-7640	39	204	47	-10080	2176	12552	-20	-613	52	118	116	6
-9156	-2816	13328	-541	235	-545	-14476	1732	-8228	-942	1655	-221	-10496	-2628	12380	1047	-5782	-344	-8768	3888	12800	89	-26	15	-14608	3296	-7416	34	211	64	-9728	1928	13184	26	-676	27	124	116	6
-9512	-2664	13892	-904	626	-650	-14504	1564	-8056	-2758	1599	-465	-10316	-2592	12236	725	-5739	-391	-9304	4464	13016	97	-29	8	-14144	4088	-7952	49	165	92	-10360	2424	13152	86	-635	-5	123	116	6
-9548	-2816	13692	-926	585	-642	-13988	1176	-8392	-3810	1748	-648	-10532	-3448	12332	1051	-5406	-470	-9520	4056	13040	124	-53	38	-14208	3512	-8024	-67	198	99	-10440	2712	13088	72	-611	-8	107	114	6
-9888	-3200	13496	-1343	87	-1036	-14004	1048	-8208	-3894	1772	-648	-10468	-4012	12648	360	-5396	-426	-8440	4584	12416	71	-39	23	-14488	4016	-7512	-8	167	107	-10552	3048	13472	41	-620	12	110	112	6
-9572	-3388	13604	-1341	-22	-1117	-14452	-4	-7196	-2649	1632	-156	-10284	-4528	13308	945	-5389	-253	-9272	4480	12808	100	-29	10	-13808	4568	-7856	14	159	104	-10392	3112	13328	-17	-612	18	128	105	6
-9252	-3580	13472	-922	-82	-1016	-14476	372	-7724	-340	1169	-40	-9840	-4092	13040	1171	-5132	-277	-9056	4072	12888	127	-68	45	-13792	4272	-8768	-63	168	68	-10088	3096	13712	-5	-576	40	121	136	6
-9212	-3316	13012	-552	-79	-809	-14564	664	-8068	682	874	62	-9820	-4028	12440	1836	-5243	-361	-8352	4656	12408	132	-65	39	-14568	4040	-8112	-20	123	73	-9760	3000	13776	86	-574	40	125	122	6
-9284	-3412	13340	-418	-140	-755	-14084	1080	-8332	492	894	4	-9576	-3448	13432	1696	-5259	-604	-8920	4576	13208	103	-69	25	-14032	4472	-8496	14	63	66	-10448	3232	13376	129	-534	66	124	143	6
-10176	-3384	13908	-684	-294	-1011	-14056	1236	-9172	-217	943	50	-9788	-3520	13364	988	-5540	-828	-8944	4488	12744	84	-87	35	-13872	3680	-8280	-35	76	58	-10168	2872	13704	118	-556	68	124	128	6
-9452	-2932	13468	-727	-758	-1397	-13932	1064	-8104	-1249	1076	218	-9772	-3616	13564	1121	-5264	-587	-8120	3904	12784	88	-101	32	-14048	3312	-8384	-15	53	63	-9576	3144	14184	40	-565	54	119	127	6
-8992	-3560	13500	-506	-770	-1060	-14596	956	-7652	-1338	646	204	-9868	-4100	13360	1646	-5395	-582	-8560	4752	12632	97	-65	48	-14144	3992	-7832	112	34	56	-8704	3056	13832	18	-579	30	124	124	6
-8956	-3580	13160	-209	-615	-660	-14360	860	-8036	-617	448	228	-9884	-3216	13784	1391	-5140	-642	-8432	4328	12888	76	-50	24	-14184	4336	-8416	21	28	81	-8936	3072	13784	9	-602	-5	134	113	6
-9432	-3264	13536	-219	-719	-607	-14072	852	-9112	262	131	283	-9748	-2896	13688	1139	-5263	-869	-8808	4600	12976	79	-49	36	-13984	4176	-8856	-28	-4	38	-9016	3440	14176	10	-608	2	117	112	6
-9508	-3056	13616	-329	-1037	-759	-13832	1744	-8716	235	-65	261	-9416	-2320	14192	782	-5286	-824	-8752	4544	12776	83	-63	31	-14000	4376	-8648	-82	2	30	-9416	3912	14344	-18	-615	17	126	110	6
-9308	-3320	13804	-317	-1078	-832	-14220	1832	-8768	141	-351	-49	-9364	-2460	14284	448	-5189	-886	-8968	4728	12920	83	-81	48	-13872	4368	-8712	-58	-32	45	-9496	3480	14208	-110	-584	36	131	122	6
-9156	-3040	13616	-458	-1154	-895	-14188	1688	-8324	-48	-457	-199	-9048	-3028	13936	766	-5356	-560	-8992	4280	13256	93	-113	41	-14016	3792	-7856	10	-49	33	-8832	3192	14640	-162	-622	50	109	121	6
-9472	-3712	13700	-557	-1154	-953	-13932	1372	-8360	256	-533	-351	-8444	-2104	14120	536	-5235	-359	-7960	5120	12672	72	-97	13	-13920	3760	-7840	23	-50	37	-7896	2920	14904	-174	-676	16	137	136	6
-9008	-3104	13684	-731	-1065	-820	-14184	1868	-8304	464	-770	-502	-7980	-2296	14536	181	-5186	-185	-8416	4888	12984	46	-55	15	-13904	4656	-7832	89	-81	18	-7616	3176	14952	-124	-653	10	114	126	6
-8932	-3656	13564	-845	-1135	-846	-14164	1772	-8244	-14	-813	-650	-7884	-2520	14636	-153	-5160	-19	-8560	4832	13152	12	-38	-18	-14288	4304	-8176	3	-93	16	-7656	3240	14936	-169	-631	43	135	124	6
-8836	-3280	13688	-902	-900	-788	-14176	1372	-8300	15	-993	-786	-7460	-2736	14496	-3	-5556	-166	-8888	5080	13224	14	-44	10	-13800	4760	-8424	-31	-107	-24	-8688	3688	14760	-139	-644	62	123	108	6
-9500	-3964	13816	-938	-1195	-824	-14088	800	-8640	229	-1074	-813	-7536	-3104	14424	177	-5399	-184	-9248	5000	13392	8	-101	27	-13816	4768	-8632	-80	-98	-35	-7480	3904	14792	-203	-632	92	155	136	6
-9208	-3364	13800	-1143	-1595	-1153	-14004	880	-7924	299	-1113	-868	-7048	-3384	14944	-15	-5154	-106	-8896	5128	13080	-5	-172	59	-13768	4448	-7848	-59	-75	-67	-6464	3872	15032	-210	-685	103	129	139	6
-8320	-3616	13392	-1143	-1772	-834	-14480	1332	-7520	628	-1210	-726	-6804	-3680	15708	10	-5061	-280	-7992	4816	12960	2	-178	71	-14152	4448	-7144	-28	-79	-91	-6152	3984	15544	-288	-652	106	121	127	6
-8652	-4412	13344	-1060	-1212	-916	-14460	992	-8028	227	-1169	-648	-6508	-3564	14884	-364	-5049	-155	-7976	5176	12680	-45	-158	17	-14088	4816	-7360	23	-105	-115	-5984	3224	15856	-282	-612	111	112	116	6
-8980	-3924	14020	-1037	-1121	-1072	-14180	1028	-7920	496	-1257	-670	-6048	-3092	14888	-202	-5483	-209	-8120	4944	12856	-84	-129	-15	-14160	4560	-8216	-51	-78	-153	-6064	3056	15744	-274	-601	164	134	137	6
-8900	-4204	13828	-1039	-1196	-1121	-14260	1096	-8144	145	-1216	-666	-5804	-3400	15276	146	-5384	-174	-8472	4856	13208	-100	-148	-10	-13992	3960	-7848	-11	-77	-156	-6064	2280	15504	-238	-585	193	117	129	6
-8600	-3972	13756	-984	-1368	-1219	-14340	828	-7412	197	-1240	-671	-5860	-3096	15084	440	-5689	-98	-8032	4776	13280	-115	-152	-23	-14488	3568	-7448	83	-106	-148	-5688	2120	15872	-273	-561	211	129	144	6
-8000	-4072	13308	-921	-980	-1015	-14420	1276	-7572	327	-1212	-752	-5964	-3028	15964	-185	-5423	4	-7744	4840	12648	-152	-129	-31	-14400	3912	-6768	72	-89	-157	-5360	1784	16104	-263	-571	197	120	136	6
-8536	-4172	13600	-905	-858	-962	-14556	840	-7944	341	-1263	-746	-5540	-3404	15560	-332	-5537	142	-7568	4872	13032	-165	-64	-48	-14424	3896	-7144	-42	-83	-145	-5032	1080	16104	-256	-551	196	122	137	6
-8084	-4016	13524	-653	-652	-764	-14424	852	-7304	385	-1325	-895	-4972	-3508	15728	112	-5473	480	-7776	4376	13304	-152	-12	-53	-14360	3448	-7848	-179	-72	-147	-5240	1496	16184	-207	-547	188	127	122	6
-8116	-4108	13808	-518	-417	-569	-14612	1084	-7428	459	-1497	-848	-4564	-3728	15680	439	-5302	724	-8696	4656	13632	-106	-29	-22	-14240	3232	-8584	-172	-76	-141	-5328	568	16328	-196	-524	184	131	131	6
-8368	-4440	13656	-468	-192	-470	-14424	500	-7852	59	-1540	-821	-4712	-3968	15984	293	-5127	888	-8776	4568	13712	-71	-79	28	-14224	2824	-8168	-112	-86	-94	-5528	672	16592	-146	-499	183	133	133	6
-8588	-4088	13808	-420	-402	-638	-14440	392	-7720	289	-1556	-679	-4224	-4432	15940	123	-4779	925	-7960	4224	13176	-52	-124	43	-14320	3304	-7960	-15	-98	-65	-5144	1288	16688	-123	-430	189	122	123	6
-8112	-4272	13548	-341	-403	-506	-14672	520	-7448	402	-1602	-487	-3856	-4896	16300	499	-4408	1023	-7728	4408	13352	-34	-93	30	-14480	3336	-7680	-8	-119	-58	-5184	1544	16832	-76	-362	181	127	121	6
-8980	-4764	13888	-117	-319	-635	-14520	-160	-7516	179	-1312	-267	-3740	-4968	16172	518	-4316	1063	-6328	4160	12464	-66	-57	-23	-14624	3152	-7064	-26	-139	-43	-4224	392	16632	-27	-350	172	122	136	6
-8724	-4496	13664	7	-596	-784	-14324	-64	-7024	327	-1037	-10	-2876	-4208	16168	1515	-3170	1054	-6744	4328	12432	-91	55	-58	-14720	2544	-7576	-104	-190	-28	-4936	240	17056	-42	-200	161	117	127	6
-8032	-4672	13432	181	-426	-703	-14848	524	-6684	820	-1053	163	-3312	-3916	16060	2196	-2920	1062	-9008	4816	14256	-59	154	-73	-14672	2832	-8424	16	-230	26	-4576	176	16544	14	-130	128	120	129	6
-7688	-4084	13256	315	-76	-644	-14612	852	-6692	62	-877	157	-3244	-3540	16112	2214	-2277	1494	-8800	3520	13832	13	5	0	-13648	3000	-7608	-14	-166	26	-3816	64	16392	54	-108	107	117	126	6
-7644	-4376	13372	442	322	-321	-14740	816	-6372	-636	-670	167	-3204	-3124	16404	2238	-1992	1539	-6920	4232	12944	76	52	-23	-15264	2104	-6216	11	-187	108	-4352	792	16496	66	-108	83	123	122	6
-7236	-4244	12996	648	942	73	-14932	520	-6108	-387	-623	176	-3132	-2732	16220	1497	-2061	1446	-7456	5056	12488	100	127	-4	-14568	3480	-6696	172	-184	126	-4120	1032	16320	127	-115	31	131	107	6
-7528	-4516	13212	861	1664	571	-14808	496	-5964	361	-634	233	-2944	-3128	16176	1309	-1442	1413	-7832	4456	13112	105	190	-6	-14536	4072	-6776	-121	-166	152	-3728	1208	16224	177	-130	26	126	108	6
-9032	-4408	14028	815	1505	572	-14552	180	-6700	184	-417	396	-2540	-2684	16160	855	-1136	1245	-6560	4000	12272	80	231	-40	-14984	3048	-6024	-198	-158	148	-3344	2032	16104	178	-145	22	123	126	6
-8752	-4136	13728	829	989	464	-14536	444	-6784	563	-284	407	-2472	-2904	15644	846	-1005	1005	-8024	5368	13264	56	335	-88	-14640	3680	-6400	-15	-199	158	-3824	2168	15912	151	-150	3	123	131	6
-7772	-4384	13372	1094	1303	811	-14984	692	-5952	103	-244	458	-2756	-2932	16032	1233	-1193	731	-9712	5040	14040	61	223	-45	-13712	4496	-7464	11	-126	152	-3424	2256	16192	177	-153	-11	128	120	6
-8672	-4480	13624	1135	1463	1021	-14760	504	-6508	389	-212	469	-3036	-2716	16152	1132	-1274	656	-7856	4328	12944	70	176	-37	-14664	3568	-6600	-47	-61	155	-4920	2328	15744	189	-343	-4	127	120	5
-9192	-4168	13852	1002	1254	786	-14456	672	-6904	170	346	569	-2928	-2756	15800	1352	-1038	563	-8384	5176	12872	90	222	-44	-14824	3816	-6872	112	-100	150	-4208	2880	16160	111	-173	-12	128	123	5
-8952	-4240	13736	891	1142	650	-14560	596	-7104	32	598	707	-3348	-2556	16248	1524	-1040	408	-8496	5248	12896	89	221	-41	-14496	4280	-6704	134	-101	143	-4304	2736	16160	119	-167	-39	130	130	5
-9016	-4208	13536	936	980	585	-14640	476	-7328	295	592	757	-3884	-2160	16132	1640	-868	88	-9552	5184	13904	-33	216	-97	-14696	4536	-7560	7	-100	139	-4432	2704	16688	110	-176	-53	128	132	5
-9100	-4032	13824	960	685	507	-14524	696	-7476	500	554	730	-3976	-2116	16544	1609	-839	-123	-9584	5040	13488	-27	192	-103	-14256	4672	-6944	-47	-125	133	-4624	2896	16280	135	-161	-66	129	130	5
-8788	-3832	13592	949	648	453	-14588	1128	-7408	302	390	787	-4140	-1992	16388	1450	-799	-266	-9304	4264	13312	6	95	-48	-14200	4128	-7704	-50	-88	122	-4224	2928	16216	141	-165	-70	129	130	5
-9596	-4020	13896	810	508	305	-14436	844	-7680	31	271	772	-4008	-1684	16480	1364	-651	-363	-8944	4792	13104	26	87	-28	-14800	3880	-7224	-11	-82	111	-4232	2784	16616	135	-163	-84	128	135	5
-9044	-4064	13624	817	238	103	-14464	784	-7272	464	254	687	-4040	-1708	16312	1201	-461	-138	-8584	4800	12952	46	61	-10	-14640	4168	-7232	21	-105	112	-4328	2528	16368	99	-156	-87	129	126	5
-8716	-3636	13556	866	56	128	-14616	972	-7384	1052	31	560	-4084	-1232	16424	1181	-530	-289	-8912	4760	12992	62	56	0	-14488	4024	-7128	35	-109	122	-4232	2536	16200	114	-176	-103	130	114	5
-8696	-3840	13552	757	177	278	-14672	1288	-7200	1063	-146	484	-4140	-1196	16408	1060	-507	-237	-8432	4648	12592	67	41	14	-14624	4176	-7168	35	-121	115	-4168	2528	16360	88	-181	-116	131	117	5
-9096	-3876	13652	639	132	100	-14520	1364	-7616	837	-68	307	-3956	-1016	16300	772	-513	-213	-8544	4856	12696	40	51	-7	-14752	4440	-6800	33	-134	111	-4048	2856	16504	82	-170	-118	132	124	5
-8524	-3568	13460	607	209	144	-14636	1520	-7216	575	-173	63	-3940	-872	16492	890	-772	-60	-8512	5088	12696	21	65	-22	-14656	4480	-6664	-14	-131	110	-3840	2712	16472	85	-158	-117	136	131	5
-8756	-3692	13540	571	495	273	-14676	1700	-7388	237	-254	-180	-3748	-1148	16356	678	-634	218	-8552	4800	12608	2	70	-29	-14584	4464	-6368	-44	-121	105	-3680	2488	16624	115	-164	-119	129	135	5
-8992	-3708	13836	391	612	236	-14604	1380	-7360	288	-311	-370	-3796	-1304	16436	751	-755	412	-8904	5040	13072	-10	73	-43	-14632	4288	-6768	-21	-139	104	-3792	2600	16160	105	-159	-107	129	157	5
-9092	-3556	13712	171	513	70	-14496	1184	-7620	505	-306	-403	-3764	-1484	16076	800	-801	475	-9128	4728	12896	36	52	-11	-14304	4464	-6936	-23	-130	100	-3400	2736	16376	106	-147	-100	130	131	5
-9396	-3812	13852	-24	341	-115	-14528	940	-7508	515	-397	-515	-3596	-1380	16528	733	-582	551	-8712	4512	12768	62	28	21	-14528	3888	-6800	12	-104	96	-3288	2336	16376	92	-146	-103	130	127	5
-8960	-3584	13716	-143	242	-322	-14488	900	-7548	564	-449	-544	-3628	-1456	16480	532	-948	628	-8744	4976	13112	86	29	31	-14632	4352	-6424	79	-107	99	-3288	2424	16368	75	-122	-107	129	121	5
-8976	-3652	13544	-191	200	-260	-14688	816	-7280	177	-520	-635	-3648	-1872	16116	372	-662	709	-8456	4920	12768	87	21	38	-14536	4288	-6256	65	-97	106	-3088	2280	16376	83	-132	-118	130	116	5
-8836	-4180	13280	-34	331	-156	-14820	592	-6948	108	-598	-675	-3692	-1624	16488	461	-648	765	-8400	5024	12784	63	37	25	-14952	4408	-6216	30	-87	109	-3568	2536	16728	64	-130	-118	129	128	5
-9260	-3856	13692	-52	311	-177	-14612	588	-7452	406	-594	-698	-3576	-2040	16528	116	-857	655	-8784	4800	12768	60	37	14	-14704	4496	-6680	-3	-90	112	-3448	2392	16552	60	-132	-117	131	130	5
-9320	-3660	13644	-113	160	-235	-14524	572	-7140	130	-548	-466	-3556	-2196	16224	269	-718	580	-8528	4928	12736	34	31	14	-14480	4480	-6376	-21	-79	116	-3344	2408	16648	81	-124	-118	129	120	5
-9144	-3952	13588	-93	-59	-356	-14664	280	-7048	231	-568	-431	-3288	-1912	16264	154	-569	501	-8448	5208	12632	3	37	-12	-14800	4664	-6144	-21	-92	122	-3720	2848	16360	85	-134	-122	128	153	5
-8836	-3844	13404	-25	-36	-305	-14728	784	-7032	371	-600	-445	-3260	-1852	16384	-116	-798	462	-8576	5144	12416	-8	45	-22	-14512	4928	-6344	-51	-101	115	-3608	2936	16552	79	-125	-120	128	117	5
-8776	-3604	13652	-20	67	-210	-14816	900	-6892	-117	-595	-468	-3024	-2088	16416	-312	-799	437	-8544	4992	12912	-16	46	-32	-14928	4824	-6496	-93	-124	105	-3864	3576	16664	81	-137	-107	128	86	5
-8956	-3952	13520	-6	139	-141	-14944	416	-7000	-32	-597	-369	-3520	-2492	16500	-263	-831	309	-9056	4728	12888	5	36	-19	-14616	4704	-6528	-98	-146	82	-3728	3480	16216	30	-121	-99	128	96	5
-8944	-4044	13440	98	220	-109	-14856	124	-6992	182	-645	-154	-3668	-2836	16324	-407	-796	158	-8784	4936	12896	7	17	3	-14376	4776	-6400	-48	-128	79	-2960	3184	16248	-7	-110	-96	128	86	5
-8812	-3796	13260	310	289	-66	-14744	76	-6824	833	-751	-55	-3288	-2448	16372	92	-686	-10	-8792	4896	12912	37	-16	24	-14472	4824	-6104	-10	-111	70	-2720	2856	16624	-31	-88	-75	126	104	5
-9196	-4180	13648	336	312	67	-14868	320	-6772	787	-869	66	-3160	-2396	16316	256	-695	-112	-8952	5208	12696	32	-12	25	-14984	5032	-5896	-1	-105	49	-2952	3256	16856	-20	-93	-37	129	92	5
-9240	-3848	13496	451	72	-32	-14824	336	-6816	885	-843	17	-3084	-2404	16468	218	-586	-165	-8496	5096	12608	10	6	0	-14872	5232	-6016	-50	-105	21	-3048	3480	16632	-16	-94	-20	127	111	5
-9412	-3748	13792	326	-95	-103	-14672	572	-7028	343	-663	199	-3020	-2472	16620	544	-420	-203	-8272	5256	12344	-24	33	-35	-14992	5416	-6256	-108	-101	-4	-3320	3584	16704	-32	-90	13	127	106	5
-9144	-4152	13524	340	-193	-172	-15080	372	-7032	90	-586	391	-3444	-2416	16552	589	-306	-499	-8688	4904	12528	-37	30	-57	-14800	5080	-6096	-174	-102	-1	-3136	3520	16136	-113	-97	45	127	121	5
-8808	-3948	13272	569	-117	-150	-14692	216	-6772	334	-675	466	-3196	-1884	16564	591	-223	-803	-8192	4360	12760	-56	24	-127	-14400	5128	-5440	-126	-123	-16	-1952	2784	16088	-124	-88	65	127	135	5
-8584	-3796	13192	791	30	32	-14840	484	-6508	797	-852	480	-2940	-1748	16508	698	-166	-924	-8520	4424	13576	-36	-26	-170	-14832	5016	-5672	-105	-113	-31	-2192	3216	16760	-77	-66	43	127	141	5
-8136	-3360	12860	1013	430	398	-14952	1012	-6460	1131	-908	365	-2968	-1824	16508	604	-394	-786	-8888	4800	12920	-22	-62	-199	-14832	4704	-5768	-123	-92	-47	-2328	3280	16648	-94	-67	46	127	143	5
-8988	-3788	13824	901	908	799	-15128	684	-6120	406	-907	447	-3184	-1996	16724	614	-405	-645	-9280	5360	13112	-29	-71	-204	-14704	4656	-5536	-60	-49	-69	-2128	3064	16480	-141	-67	50	128	127	5
-9940	-3688	13972	510	541	445	-14692	420	-7168	374	-864	472	-2720	-1908	16128	543	-102	-559	-8992	5952	12504	-65	-86	-154	-14672	4768	-5872	-52	-50	-69	-2160	2408	16624	-149	-64	46	128	133	5
-10048	-3216	13976	191	-103	-40	-14176	760	-6960	183	-524	511	-2276	-1348	16048	704	-40	-536	-8240	5936	12360	-81	-52	-58	-14584	4848	-5872	-9	2	-99	-2704	2408	16672	-117	-57	77	127	132	5
-9008	-3444	13712	48	-391	-163	-14644	964	-6160	-195	-441	534	-2576	-1260	16344	540	-270	-530	-8432	5200	12896	-105	-3	-21	-15200	5024	-5712	-3	-30	-90	-2952	2440	16568	-83	-47	100	129	127	5
-8892	-3936	13328	110	-307	-165	-14948	900	-6424	-1	-282	446	-2784	-1280	16332	468	-348	-363	-8584	4344	12968	-121	-1	-58	-14800	4960	-6056	-63	5	-101	-2880	2328	16472	-80	-52	117	128	124	5
-8984	-3788	13372	319	-131	-74	-14916	820	-6280	121	-208	250	-2956	-1184	16228	454	-512	-128	-8512	4544	12704	-108	-7	-65	-14808	4168	-6000	-61	1	-99	-2664	2056	16624	-99	-42	108	128	125	5
-8944	-3440	13432	375	-188	58	-14620	972	-6528	337	-149	106	-2864	-1368	16260	324	-530	159	-8544	4472	13032	-82	2	-65	-14976	3824	-5872	51	-17	-83	-2624	1344	16776	-111	-21	89	128	134	5
-8824	-3368	13424	272	-7	58	-14752	1348	-6496	126	-135	29	-2608	-1140	16572	463	-453	300	-8432	4768	12872	-63	6	-64	-14960	4056	-5960	117	-30	-74	-2888	1208	16608	-93	-8	85	127	124	5
-9100	-3568	13664	170	43	-72	-14852	1140	-6692	-335	-173	-42	-2556	-1184	16648	511	-522	388	-8656	4808	12760	-48	6	-57	-14928	3992	-5736	151	-20	-53	-2656	1016	16336	-30	-2	65	127	122	5
-9140	-3636	13568	58	32	-180	-14964	744	-6552	-279	-43	-80	-2524	-1120	16684	386	-163	434	-8344	4624	12520	-41	9	-43	-14744	4096	-5624	96	1	-36	-2152	1008	16856	9	7	39	127	121	5
-9060	-3564	13472	44	-54	-222	-14600	720	-6516	-33	24	-191	-2220	-1116	16460	69	166	503	-8128	4720	12680	-45	45	-44	-15136	3936	-5440	73	6	-15	-2200	1152	16560	22	15	11	127	123	5
-8984	-3640	13448	96	-50	-192	-14676	1076	-6044	133	94	-294	-2060	-988	16300	-191	267	563	-8520	4608	12648	-35	72	-60	-15168	3928	-5768	69	13	8	-2208	1296	16512	21	12	-18	126	128	5
-8676	-3664	13268	159	128	-59	-14928	1120	-6140	-98	300	-413	-2104	-1148	16356	-330	34	568	-8256	4776	12432	-41	94	-63	-15024	4008	-5744	41	38	33	-2112	1368	16632	15	10	-47	127	122	5
-8740	-3696	13356	223	382	51	-15068	1152	-5896	-227	404	-519	-2024	-1252	16420	-210	4	646	-8096	4528	12520	-46	137	-73	-15128	4112	-5456	30	46	49	-2032	1288	16432	11	14	-53	126	117	5
-9000	-3804	13448	292	540	130	-14864	824	-6112	-214	658	-662	-2044	-1264	16456	-104	-34	676	-9160	4896	13240	-79	164	-118	-15184	4136	-5736	44	62	70	-1992	1240	17064	12	0	-81	127	128	5
-8932	-3624	13320	381	707	184	-14904	652	-6200	-101	827	-589	-2276	-1544	16700	58	-333	615	-8896	4720	12688	-91	115	-118	-14672	4560	-5992	44	70	95	-2152	1320	16880	49	8	-91	126	133	5
-9048	-3604	13448	413	803	279	-14844	608	-6400	247	917	-670	-2484	-1868	16416	-33	32	729	-8992	4280	12872	-74	115	-110	-14824	3984	-5944	25	107	113	-2376	1728	16592	84	9	-87	127	127	5
-9084	-3676	13368	570	862	436	-14868	568	-6508	233	1049	-684	-2536	-1800	16256	17	192	799	-9112	4576	12888	-49	104	-87	-14824	4056	-6144	75	118	94	-4064	2104	17696	157	-225	-96	126	126	5
-9376	-3552	13448	619	766	482	-14820	660	-6672	270	1170	-729	-3008	-1888	16584	310	-36	736	-8936	4296	13192	-34	90	-64	-14648	4392	-6152	137	129	109	-112	1920	15472	100	-212	-68	126	120	5
-9312	-3548	13488	628	713	439	-14744	720	-6740	-13	1278	-742	-2652	-1592	16472	107	269	725	-8864	4664	12560	-31	85	-54	-14648	4560	-6272	135	130	107	-3152	2128	16552	73	43	-72	126	113	5
-9428	-3536	13516	578	605	341	-14756	576	-6776	-278	1437	-760	-2820	-1640	16528	-125	245	738	-8912	4632	12784	-22	90	-56	-15096	4688	-5912	131	121	106	-3248	2192	16776	62	43	-74	127	126	5
-9384	-3540	13480	612	554	386	-14676	96	-7096	-183	1381	-713	-3392	-2016	16684	-132	277	585	-8944	4504	12512	-40	83	-66	-14512	4592	-6336	101	125	109	-3080	2272	16592	57	44	-77	127	131	5
-9532	-3344	13608	587	526	322	-14680	188	-7312	164	1316	-487	-3628	-2280	16408	190	370	552	-8840	4480	12600	-38	85	-68	-14480	4600	-6496	59	126	104	-3216	2712	16736	62	37	-75	128	134	5
-9456	-3384	13472	529	378	190	-14724	308	-7312	237	1229	-342	-3800	-2248	16420	446	306	494	-9128	4328	12744	-36	69	-57	-14496	4632	-6600	60	107	91	-3304	2488	16384	39	23	-54	128	128	5
-9364	-3464	13404	548	310	203	-14748	108	-7256	278	1105	-232	-3852	-1996	16524	585	373	371	-9088	4424	12608	-33	61	-43	-14712	4840	-6720	58	108	78	-3112	2808	16824	18	30	-57	129	130	5
-9424	-3464	13532	574	305	221	-14756	116	-7280	386	1011	-169	-3752	-1876	16412	566	232	302	-8968	4560	12816	-27	46	-40	-14816	4976	-6600	59	96	62	-3464	2648	16664	8	29	-50	129	129	5
-9576	-3388	13536	546	196	130	-14712	216	-7572	310	913	-43	-3684	-1816	16348	367	220	154	-8912	4592	12872	-11	38	-32	-14824	4712	-6696	47	83	46	-3616	2832	16768	-4	24	-39	129	130	5
-9444	-3372	13524	540	120	102	-14664	284	-7528	146	810	20	-3744	-1776	16444	433	128	-47	-9056	4504	12688	-19	30	-29	-14600	4744	-6672	67	81	31	-3232	2792	16776	-28	18	-31	129	138	5
-9504	-3412	13548	426	16	59	-14600	336	-7572	163	679	142	-3764	-1644	16504	355	83	-102	-8944	4408	12872	-17	16	-25	-14600	4712	-6760	77	63	18	-3488	2392	16656	-44	29	-21	129	133	5
-9444	-3216	13388	414	16	3	-14708	572	-7556	-16	592	139	-3772	-1588	16472	385	164	-131	-8848	4480	12440	-24	12	-31	-14656	4752	-6824	76	56	8	-3528	2496	16912	-47	25	-22	128	132	5
-9504	-3388	13552	299	-38	-49	-14624	604	-7464	-175	584	138	-3696	-1476	16536	379	45	-106	-8952	4672	12648	-32	19	-37	-14664	4880	-6704	46	51	-5	-3344	2408	16664	-33	21	7	128	136	5
-9428	-3300	13452	237	-24	-54	-14544	528	-7484	-268	482	77	-3712	-1340	16488	322	9	-9	-8840	4600	12560	-37	23	-49	-14568	4672	-6864	11	41	-8	-3568	2272	17016	-20	17	19	128	139	5
-9332	-3300	13496	238	-82	-79	-14572	428	-7520	-227	421	89	-3660	-1328	16500	254	19	80	-9096	4336	12920	-37	22	-39	-14704	4560	-6784	6	30	-14	-3480	2168	16480	-14	24	25	127	133	5
-9364	-3252	13420	220	-105	-76	-14660	436	-7576	-61	305	59	-3692	-1340	16636	284	19	178	-9120	4368	12584	-25	10	-30	-14520	4496	-7040	16	28	-18	-3200	2096	16736	-16	20	23	127	137	5
-9384	-3284	13408	248	-37	-135	-14540	508	-7596	-18	305	75	-3748	-1252	16488	299	-17	193	-9080	4392	12608	-8	-1	-17	-14504	4272	-6848	21	19	-16	-3328	1816	16648	-22	20	27	127	137	5
-9360	-3144	13552	170	-54	-147	-14608	612	-7748	159	35	39	-3740	-1192	16528	261	-78	207	-8944	4520	12632	-10	5	-18	-14904	4280	-6680	51	10	-14	-3496	1776	16896	-14	6	28	127	137	5
-9356	-3188	13488	70	-47	-203	-14536	656	-7552	68	-58	11	-3696	-1296	16484	241	-64	218	-9080	4344	12768	-14	11	-25	-14680	4624	-6744	32	-2	-9	-3464	1856	16592	6	-6	14	127	141	5
-9328	-3256	13416	121	-111	-179	-14512	608	-7436	77	-77	-112	-3492	-1092	16616	57	-189	248	-8976	4368	12528	-19	14	-34	-14496	4424	-6800	6	-3	-3	-3288	1888	16480	5	-7	14	127	142	5
-9380	-3260	13528	147	-58	-138	-14552	624	-7348	-47	-176	-114	-3508	-1216	16500	-12	-208	271	-9088	4408	12584	-17	9	-30	-14672	4296	-6632	11	-10	-2	-3112	1888	16648	1	-11	18	127	139	5
-9412	-3224	13352	45	-64	-180	-14444	584	-7356	-95	-191	-135	-3424	-1248	16440	-110	-203	269	-8936	4496	12536	-18	8	-23	-14656	4280	-6664	13	-18	1	-3160	1712	16792	7	-3	13	127	136	5
-9340	-3276	13512	17	-46	-183	-14596	572	-7304	-89	-230	-161	-3312	-1352	16552	-65	-196	316	-9056	4392	12944	-7	7	-21	-14616	4384	-6712	5	-16	11	-3120	1768	16736	10	-2	12	126	134	5
-9328	-3340	13344	26	-46	-212	-14584	488	-7428	72	-193	-189	-3288	-1376	16480	-80	-170	331	-9016	4416	12768	1	4	-18	-14704	4264	-6880	16	-17	13	-3120	1880	16680	15	-10	7	126	136	5
-9344	-3328	13468	6	15	-212	-14604	432	-7288	63	-212	-217	-3248	-1388	16428	-67	-188	358	-8848	4472	12712	-5	9	-16	-14760	4448	-6504	-2	-18	18	-3216	1904	16656	17	-11	4	126	133	5
-9376	-3260	13448	0	-59	-200	-14552	444	-7412	189	-207	-201	-3260	-1460	16452	-56	-211	338	-9008	4488	12824	-9	14	-23	-14664	4384	-6688	4	-18	23	-3040	1840	16592	22	-14	-1	126	132	5
-9364	-3340	13312	29	-29	-231	-14648	504	-7440	131	-302	-165	-3276	-1472	16512	-58	-195	349	-9000	4320	12584	-5	10	-22	-14568	4440	-6608	2	-26	20	-3096	1824	16560	15	-17	-8	126	131	5
-9312	-3396	13404	51	-3	-219	-14600	444	-7292	-102	-304	-206	-3200	-1428	16384	-84	-219	326	-8872	4448	12688	-8	13	-23	-14848	4512	-6520	13	-24	25	-2992	2088	16632	24	-13	0	126	130	5
-9372	-3352	13408	45	-4	-195	-14568	480	-7244	-157	-285	-192	-3120	-1400	16344	-96	-217	317	-8848	4480	12672	-9	13	-17	-14584	4496	-6480	2	-21	22	-2936	1872	16672	33	-19	-1	125	129	5
-9316	-3284	13440	0	-38	-233	-14600	440	-7184	-384	-235	-149	-3076	-1432	16396	-119	-200	336	-8952	4464	12816	-17	17	-30	-14688	4624	-6768	-12	-24	24	-2992	2152	16688	33	-16	4	125	129	5
-9372	-3396	13320	-72	-72	-223	-14512	380	-7008	-475	-172	-179	-3096	-1556	16440	-57	-230	312	-8848	4360	12672	-5	15	-21	-14472	4456	-6488	8	-21	18	-2792	2056	16552	30	-15	2	125	128	5
-9400	-3356	13440	-83	-51	-230	-14584	332	-7172	-225	-123	-157	-2980	-1564	16376	-3	-185	315	-8936	4320	12504	-7	12	-20	-14552	4424	-6672	19	-18	13	-2624	1936	16544	23	-7	4	126	128	5
-9284	-3408	13396	-84	-44	-219	-14608	356	-7032	59	-129	-124	-3004	-1600	16520	5	-167	299	-8920	4440	12576	-9	16	-26	-14736	4456	-6464	27	-21	17	-2848	2080	16616	22	-6	2	125	127	5
-9312	-3340	13416	-35	1	-212	-14700	428	-7120	-25	-76	-140	-3008	-1496	16436	25	-175	276	-8808	4392	12600	-19	20	-32	-14680	4448	-6440	27	-17	24	-2704	1992	16656	24	-8	1	125	127	5
-9212	-3456	13256	26	33	-136	-14640	420	-7164	26	-57	-151	-2920	-1428	16488	110	-318	243	-8856	4344	12688	-17	21	-38	-14680	4408	-6552	17	-13	19	-2664	2032	16744	17	-6	0	125	126	5
-9336	-3352	13400	173	108	-113	-14764	388	-7124	-12	-49	-115	-3080	-1512	16424	-22	-135	222	-9064	4320	12744	-17	25	-36	-14512	4408	-6144	14	6	18	-2728	2016	16784	17	4	-2	126	126	5
-9324	-3388	13468	125	103	-114	-14656	464	-7080	-110	-47	-105	-3008	-1432	16400	-28	-108	215	-8920	4456	12856	-22	31	-37	-14768	4496	-6464	13	9	15	-2752	1944	16680	12	-5	-1	126	126	5
-9492	-3308	13448	96	-35	-150	-14512	408	-7256	5	66	-91	-3032	-1448	16376	7	-67	205	-8856	4280	12568	-31	32	-42	-14800	4576	-6512	7	11	16	-2816	2160	16768	9	-4	4	126	126	5
-9260	-3392	13328	97	56	-165	-14588	476	-7052	-52	102	-90	-3044	-1412	16436	-86	-70	190	-8976	4440	12752	-31	34	-43	-14664	4608	-6496	17	12	13	-2760	2112	16304	10	6	2	126	126	5
-9340	-3420	13380	134	55	-126	-14600	492	-7200	41	54	-98	-3092	-1520	16424	4	-80	221	-9048	4440	12448	-32	30	-39	-14616	4584	-6568	15	16	4	-2744	2120	16480	3	9	11	126	125	5
-9364	-3400	13392	163	88	-117	-14640	428	-7180	104	99	-159	-3156	-1360	16428	-33	-74	208	-8968	4312	12904	-34	27	-44	-14624	4304	-6336	25	17	7	-2880	2056	16760	-5	8	7	126	125	5
-9392	-3432	13460	184	28	-98	-14560	428	-7312	108	146	-155	-3128	-1372	16420	-11	-74	227	-8920	4408	12880	-37	28	-48	-14560	4456	-6576	38	16	2	-2888	2032	16816	-4	10	12	126	126	5
-9280	-3240	13340	202	86	-82	-14560	472	-7320	143	98	-132	-3208	-1468	16576	-70	-61	210	-8888	4352	12672	-46	34	-52	-14632	4664	-6552	36	13	-1	-3000	2064	16656	15	11	16	126	126	5
-9384	-3344	13320	235	65	-79	-14660	428	-7336	44	28	-208	-3344	-1432	16520	21	-85	249	-9056	4424	12712	-46	38	-49	-14768	4472	-6552	25	18	3	-3088	2328	16600	1	18	15	126	126	5
-9472	-3344	13392	218	110	-55	-14540	348	-7212	18	109	-189	-3300	-1404	16428	-16	-110	249	-9064	4296	12624	-47	32	-51	-14568	4608	-6600	18	20	-3	-3072	2160	16624	-9	13	22	126	127	5
-9420	-3328	13468	141	65	-110	-14488	404	-7416	-102	60	-105	-3256	-1428	16376	-82	-84	217	-9064	4488	12584	-52	30	-49	-14624	4360	-6704	23	10	-4	-3184	1912	16832	-12	10	23	126	129	5
-9340	-3360	13368	166	28	-100	-14544	484	-7308	-34	80	-152	-3312	-1440	16460	-100	-91	203	-8976	4264	12952	-62	21	-49	-14600	4272	-6936	20	8	-7	-3200	1888	16552	-14	14	17	126	131	5
-9316	-3380	13440	170	82	-116	-14628	384	-7280	9	25	-178	-3344	-1468	16488	-127	-99	219	-9160	4288	12576	-45	26	-52	-14664	4448	-6808	23	13	-6	-3112	1856	16712	-9	9	15	126	130	5
-9424	-3364	13368	159	69	-116	-14568	356	-7388	10	35	-181	-3296	-1428	16484	-127	-84	248	-9144	4352	12640	-49	29	-50	-14632	4472	-6600	17	5	-4	-3216	1808	16680	-1	6	15	126	131	5
-9468	-3356	13392	186	65	-117	-14556	436	-7292	-43	-16	-154	-3316	-1468	16420	-70	-142	230	-9048	4208	12768	-44	29	-51	-14560	4448	-6768	15	-5	0	-3128	1728	16632	-1	7	14	126	134	5
-9368	-3284	13336	208	120	-108	-14612	392	-7472	-23	-38	-122	-3292	-1504	16420	-47	-109	222	-9040	4208	12856	-40	29	-47	-14504	4328	-6512	23	2	-2	-3088	1584	16544	-2	2	12	126	134	5
-9412	-3340	13476	177	78	-92	-14512	348	-7292	-21	-80	-175	-3280	-1484	16344	-42	-117	233	-8992	4312	12824	-32	23	-42	-14640	4296	-6648	22	-5	0	-3152	1680	16568	1	3	12	126	142	5
-9476	-3328	13452	133	71	-139	-14512	248	-7352	6	-86	-155	-3204	-1544	16400	-89	-124	228	-9128	4136	12888	-27	23	-44	-14672	4384	-6784	32	-3	5	-3000	1736	16712	7	3	7	126	139	5
-9416	-3332	13328	103	36	-182	-14552	280	-7316	-31	-51	-177	-3252	-1560	16416	-81	-80	233	-9048	4216	12688	-25	19	-30	-14624	4224	-6712	31	-1	8	-3192	1776	16880	9	7	7	125	130	5
-9392	-3268	13424	131	5	-154	-14568	328	-7112	-61	-17	-147	-3256	-1576	16424	-39	-118	264	-8968	4392	12600	-23	19	-32	-14736	4296	-6432	29	3	6	-3288	1632	16728	8	1	2	126	126	5
-9364	-3384	13480	98	-11	-147	-14604	364	-7308	-7	1	-174	-3176	-1476	16456	-31	-127	293	-8976	4296	12736	-21	24	-36	-14648	4416	-6672	19	6	15	-3048	1592	16728	15	3	9	126	125	5
-9384	-3364	13436	100	61	-184	-14576	420	-7312	-7	-39	-176	-3192	-1528	16396	5	-137	253	-9000	4368	12808	-21	23	-38	-14808	4336	-6808	12	2	12	-3024	1648	16552	15	-4	5	125	125	5
-9352	-3352	13356	146	49	-156	-14660	360	-7268	-49	-12	-137	-3296	-1544	16504	22	-126	268	-9080	4048	12608	-34	24	-37	-14608	4272	-6624	17	8	19	-3064	1752	16760	10	-5	1	125	126	5
-9348	-3356	13336	134	23	-116	-14652	380	-7264	-32	-23	-163	-3200	-1628	16468	-3	-133	284	-9072	4168	12600	-35	25	-42	-14760	4320	-6520	25	2	26	-2984	1672	16736	14	4	4	125	140	5
-9372	-3232	13372	181	80	-119	-14652	384	-7204	27	-5	-99	-3172	-1524	16468	34	-114	267	-9144	4288	12760	-24	17	-30	-14728	4312	-6648	23	-2	20	-3136	1880	16608	18	3	0	126	143	5
-9352	-3372	13520	230	105	-62	-14684	316	-7144	-66	-48	-139	-3212	-1496	16424	29	-133	218	-9120	4336	12824	-21	21	-30	-14648	4488	-6752	13	4	20	-3056	1904	16632	25	-2	0	125	137	5
-9500	-3320	13452	147	12	-118	-14516	312	-7368	77	-4	-148	-3188	-1508	16476	-12	-103	229	-9088	4160	12728	-24	23	-33	-14632	4416	-6344	20	4	21	-2952	1976	16504	23	0	4	126	127	5
-9388	-3324	13308	163	53	-128	-14548	352	-7272	-11	12	-82	-3232	-1524	16532	-45	-94	208	-9032	4192	12656	-24	17	-35	-14584	4472	-6672	9	-2	18	-2728	1976	16648	38	8	0	126	125	5
-9412	-3412	13396	231	85	-100	-14564	340	-7112	58	20	-109	-3220	-1712	16468	-13	-121	223	-9064	4288	12920	-24	21	-31	-14576	4496	-6728	20	3	20	-3304	2008	16824	11	4	9	126	124	5
