#Activity	sitting standing_up standing 
#ActivityID	5 7 8 
#Date 08-18-11-52
acc_rf_x	acc_rf_y	acc_rf_z	gyro_rf_x	gyro_rf_y	gyro_rf_z	acc_rs_x	acc_rs_y	acc_rs_z	gyro_rs_x	gyro_rs_y	gyro_rs_z	acc_rt_x	acc_rt_y	acc_rt_z	gyro_rt_x	gyro_rt_y	gyro_rt_z	acc_lf_x	acc_lf_y	acc_lf_z	gyro_lf_x	gyro_lf_y	gyro_lf_z	acc_ls_x	acc_ls_y	acc_ls_z	gyro_ls_x	gyro_ls_y	gyro_ls_z	acc_lt_x	acc_lt_y	acc_lt_z	gyro_lt_x	gyro_lt_y	gyro_lt_z	EMG_r	EMG_l	act
-9668	-2988	13352	125	7	-126	-14580	176	-7220	4	-2	-1	-3108	-1544	16532	-3	-108	181	-9248	3920	12600	-7	14	-29	-14608	4504	-6768	9	-5	14	-3064	1960	16704	23	0	5	125	124	5
-9668	-2996	13352	159	7	-105	-14604	220	-7212	-20	10	-5	-3112	-1496	16492	30	-97	174	-9192	4040	12656	-9	15	-27	-14520	4568	-6912	9	-1	14	-3008	2064	16608	20	1	4	125	125	5
-9720	-3040	13260	138	13	-142	-14584	240	-7260	27	-6	-28	-3160	-1588	16480	37	-129	170	-9152	3928	12768	-9	18	-29	-14552	4512	-6896	11	-6	13	-2864	2112	16448	23	1	4	126	125	5
-9736	-3052	13320	122	31	-136	-14596	184	-7224	20	3	-46	-3160	-1536	16412	25	-122	174	-9000	3992	12728	-12	18	-21	-14528	4440	-6512	11	-4	9	-2984	1960	16552	24	1	3	125	125	5
-9688	-3024	13228	150	-31	-147	-14564	224	-7264	-8	9	-14	-3180	-1468	16448	73	-99	153	-9144	3968	12624	-10	17	-31	-14592	4448	-6616	10	-7	11	-2904	2008	16424	24	1	6	125	125	5
-9716	-3048	13284	130	28	-132	-14680	252	-7140	-36	-10	-52	-3116	-1496	16516	72	-116	177	-9016	4096	12720	-10	16	-25	-14664	4496	-6696	10	-3	11	-2872	2048	16664	19	0	4	125	125	5
-9640	-3008	13300	141	-16	-144	-14608	184	-7236	-9	-23	-38	-3176	-1528	16464	29	-106	157	-9112	4016	12680	-9	15	-31	-14632	4336	-6464	4	-4	12	-2864	2080	16552	23	2	3	125	126	5
-9652	-3036	13260	137	-2	-156	-14596	248	-7232	3	-49	-5	-3136	-1432	16528	4	-100	157	-9168	3984	12712	-9	12	-26	-14480	4544	-6608	8	-10	13	-3040	1992	17056	19	-2	6	126	126	5
-9636	-2972	13280	119	39	-132	-14584	200	-7200	-17	-6	-56	-3148	-1464	16604	8	-96	156	-9216	4048	12520	-12	13	-33	-14584	4520	-6408	6	-3	14	-2984	1856	16792	21	-4	7	125	126	5
-9632	-3004	13308	124	21	-128	-14552	228	-7220	-38	-26	-21	-3140	-1452	16436	15	-128	164	-9264	4048	12680	-10	17	-27	-14472	4656	-6760	10	-7	15	-2848	2048	16720	20	-1	5	126	126	5
-9696	-2984	13228	158	47	-137	-14604	288	-7284	-13	-57	-39	-3136	-1468	16428	-4	-109	153	-8992	4000	12616	-10	13	-29	-14512	4512	-6744	14	-10	15	-2792	1792	16512	26	1	2	125	127	5
-9656	-2956	13248	105	18	-151	-14580	196	-7276	-19	-12	-64	-3104	-1512	16476	-1	-119	177	-9248	3816	12744	-9	17	-29	-14584	4504	-6720	8	-7	15	-3008	2008	16704	21	-4	4	125	127	5
-9648	-2980	13280	138	-25	-153	-14600	208	-7312	8	-48	-30	-3124	-1476	16448	34	-113	155	-9248	4000	12656	-9	12	-31	-14472	4424	-6608	9	-6	17	-2904	1960	16504	23	3	3	125	127	5
-9648	-2980	13220	123	10	-151	-14604	176	-7260	-13	-81	-63	-3108	-1540	16480	26	-88	168	-9144	4160	12696	-9	13	-29	-14600	4440	-6488	10	-8	20	-2992	2000	16672	19	-1	5	125	127	5
-9664	-3048	13192	141	-5	-144	-14584	184	-7228	7	-77	-56	-3112	-1496	16448	18	-114	176	-9168	4024	12568	-7	15	-25	-14680	4568	-6408	14	-5	20	-2960	1920	16800	22	-2	3	125	127	5
-9676	-3044	13264	145	7	-141	-14648	156	-7272	-14	-20	-42	-3080	-1500	16504	2	-91	170	-9104	3952	12632	-7	14	-27	-14488	4464	-6632	10	-5	13	-2936	2024	16568	19	3	4	125	127	5
-9672	-3056	13316	117	44	-122	-14556	204	-7412	-8	-20	-10	-3084	-1624	16416	20	-94	180	-9224	3872	12560	-7	16	-28	-14648	4472	-6648	13	-10	15	-3000	1952	16504	24	0	1	125	127	5
-9648	-2984	13216	139	-16	-146	-14664	292	-7212	13	-46	-50	-3108	-1552	16452	22	-125	189	-9240	3880	12752	-13	18	-30	-14672	4424	-6552	9	-5	17	-2968	1976	16904	21	-1	4	125	128	5
-9596	-2996	13280	115	27	-153	-14608	220	-7232	16	-35	-24	-3156	-1568	16388	16	-92	155	-9192	4056	12824	-11	18	-27	-14688	4576	-6656	6	-7	10	-2944	2152	16864	25	-1	3	125	128	5
-9672	-2968	13260	154	0	-141	-14544	200	-7288	25	-26	-32	-3060	-1556	16520	27	-73	129	-9200	3960	12760	-13	15	-30	-14536	4544	-6592	7	-10	18	-3080	1880	16544	25	-1	5	125	128	5
-9756	-3004	13284	142	-14	-119	-14608	188	-7248	-12	-39	-30	-3128	-1600	16592	28	-131	128	-9136	4080	12776	-8	12	-29	-14640	4504	-6688	10	-7	15	-2872	2072	16800	27	0	2	125	128	5
-9672	-3004	13236	170	38	-140	-14596	208	-7336	1	5	-36	-3148	-1556	16512	36	-102	146	-9160	4048	12464	-8	16	-30	-14760	4488	-6920	12	-12	16	-2904	2000	16568	21	2	2	125	128	5
-9604	-3068	13232	129	-14	-154	-14620	176	-7220	29	-27	-9	-3140	-1472	16480	22	-100	147	-9184	4016	12616	-12	19	-26	-14568	4608	-6616	17	-7	10	-2968	2000	16768	21	1	2	125	128	5
-9720	-3056	13252	119	-7	-155	-14600	220	-7188	8	-50	-37	-3116	-1520	16480	6	-85	141	-9048	3856	12736	-9	14	-26	-14640	4432	-6616	8	-4	15	-3000	2008	16600	19	3	7	125	128	5
-9636	-2984	13272	168	-25	-148	-14608	252	-7220	-7	-14	-24	-3092	-1496	16548	53	-125	177	-9232	3984	12816	-13	16	-25	-14624	4440	-6432	9	-6	12	-2920	1984	16720	25	2	11	126	132	5
-9716	-3020	13184	110	16	-152	-14644	228	-7392	25	-66	-26	-3132	-1468	16476	27	-111	132	-9216	4032	12752	-8	14	-24	-14608	4408	-6656	8	-8	16	-2968	1928	16816	28	8	7	125	132	5
-9596	-3012	13228	145	17	-136	-14676	200	-7288	-9	-14	-22	-3032	-1532	16564	46	-100	167	-9216	3952	12936	-13	15	-28	-14512	4552	-6624	8	-10	13	-2928	1936	16848	24	2	0	125	131	5
-9676	-3012	13324	127	-27	-149	-14644	168	-7320	24	-39	-36	-3100	-1448	16444	36	-75	197	-9224	4080	12824	-13	16	-29	-14592	4560	-6808	10	-2	17	-2880	1976	16592	22	3	4	126	131	5
-9688	-3048	13324	161	-21	-139	-14636	232	-7188	20	-8	-57	-3032	-1460	16528	38	-98	169	-9088	4120	12752	-9	19	-28	-14720	4472	-6648	11	0	21	-2984	1952	16616	19	-2	-2	125	130	5
-9696	-2988	13328	150	-21	-176	-14628	280	-7244	25	-27	-30	-3120	-1472	16516	12	-86	180	-9248	3912	12672	-4	18	-30	-14712	4664	-6800	12	-1	18	-3072	1944	16560	21	0	0	126	129	5
-9692	-3060	13352	142	43	-126	-14656	296	-7228	23	-19	-78	-3080	-1544	16416	54	-101	174	-9168	4016	12640	-8	17	-24	-14432	4408	-6488	7	-1	18	-3000	1920	16632	21	0	-1	126	129	5
-9748	-2992	13264	159	45	-137	-14628	252	-7184	41	-13	-25	-3148	-1528	16460	51	-76	184	-9256	3984	12736	-13	16	-31	-14568	4464	-6688	7	1	21	-2936	2040	17128	19	1	4	126	128	5
-9668	-2992	13244	146	14	-153	-14608	156	-7328	7	-18	-24	-3212	-1564	16520	21	-120	147	-9144	4048	12752	-8	15	-31	-14616	4368	-6992	8	-4	23	-3000	2064	16728	26	-3	1	126	127	5
-9680	-3032	13272	125	34	-155	-14556	168	-7304	7	1	-36	-3196	-1588	16496	0	-105	188	-9112	3976	12792	-10	16	-29	-14600	4480	-6784	5	-6	13	-2984	2000	16704	26	0	5	126	127	5
-9704	-3084	13260	158	-20	-131	-14572	232	-7284	43	-50	-38	-3240	-1524	16492	17	-109	192	-9240	4072	12744	-10	15	-28	-14656	4424	-6600	8	-6	14	-3080	2160	16528	22	-1	6	126	127	5
-9732	-3020	13280	160	-7	-168	-14528	240	-7312	-25	-32	-21	-3144	-1488	16416	20	-98	188	-9248	3992	12744	-13	12	-30	-14664	4568	-6800	12	-8	14	-2984	2048	16456	26	3	5	125	127	5
-9668	-3068	13276	132	-4	-147	-14632	152	-7192	-37	-71	-46	-3160	-1592	16360	-4	-154	187	-9256	3912	12744	-6	9	-32	-14552	4568	-6472	8	-15	14	-2912	1976	16776	25	0	7	126	128	5
-9644	-3048	13284	125	-67	-157	-14632	228	-7220	8	-70	11	-3152	-1524	16504	11	-111	134	-9104	4056	12856	-9	15	-25	-14616	4472	-6568	8	-9	15	-2936	2064	16800	22	2	6	126	128	5
-9712	-2968	13248	133	-69	-164	-14632	216	-7296	8	-51	-17	-3092	-1544	16424	0	-105	169	-9136	3992	12560	-12	9	-26	-14600	4536	-6648	9	-4	18	-2872	1960	16840	29	-1	5	125	128	5
-9712	-3044	13400	127	20	-159	-14648	168	-7288	-6	-54	-25	-3072	-1496	16552	24	-108	140	-9096	3976	12600	-15	14	-26	-14408	4472	-6488	11	-10	13	-2856	1952	16880	26	0	4	126	128	5
-9704	-3004	13228	149	-9	-125	-14604	256	-7272	-21	-42	-7	-3064	-1460	16476	16	-120	179	-9072	3920	12600	-14	15	-27	-14600	4464	-6648	8	-12	16	-2864	1896	16688	21	-2	3	125	127	5
-9696	-3040	13168	139	26	-163	-14576	272	-7172	-19	-13	-45	-3028	-1480	16508	30	-162	142	-9264	4000	12688	-7	12	-29	-14488	4496	-6536	14	-8	13	-2808	1840	16512	26	-2	3	125	127	5
-9644	-3024	13304	114	25	-158	-14616	248	-7288	0	-16	-36	-3036	-1516	16456	1	-116	166	-9280	4008	12704	-8	17	-28	-14408	4456	-6568	17	-6	16	-2656	1904	16784	25	-4	0	126	127	5
-9636	-3008	13296	127	9	-124	-14692	212	-7148	11	-4	-58	-3100	-1584	16516	62	-110	174	-9080	3976	12784	-11	14	-29	-14688	4472	-6976	8	-5	19	-3040	2008	16832	22	-5	1	126	127	5
-9660	-3004	13332	111	-15	-135	-14664	244	-7216	5	-9	-43	-3140	-1468	16472	34	-99	133	-9200	4000	12784	-10	18	-29	-14656	4480	-6744	3	-5	15	-2720	1960	16672	19	-3	5	126	127	5
-9724	-3024	13320	156	-12	-145	-14600	252	-7184	14	18	-66	-3128	-1524	16392	28	-120	168	-9304	3824	12544	-5	16	-30	-14520	4472	-6600	14	-6	19	-2920	1928	16624	24	1	1	126	127	5
-9624	-2960	13316	129	-8	-112	-14624	220	-7288	33	10	-35	-3132	-1552	16564	36	-120	162	-9144	3984	12888	-7	17	-31	-14648	4384	-6752	9	-3	19	-2944	2176	16816	23	-2	5	126	126	5
-9696	-3080	13296	138	-3	-123	-14664	216	-7272	-8	16	-83	-3080	-1504	16428	1	-105	150	-9136	3960	12576	-11	17	-34	-14616	4464	-6624	12	-5	17	-3008	2152	16632	24	1	0	126	126	5
-9668	-3012	13232	182	-20	-138	-14540	184	-7264	30	7	-34	-3160	-1548	16484	31	-87	148	-9160	4040	12696	-11	22	-29	-14472	4640	-6536	11	-5	15	-2936	1984	16560	23	7	4	125	125	5
-9676	-3048	13312	168	2	-142	-14580	208	-7260	-16	29	-61	-3136	-1508	16500	40	-101	146	-8968	3984	12328	-6	12	-31	-14568	4464	-6760	11	-9	16	-2928	1992	16600	20	-1	1	125	125	5
-9732	-3028	13272	142	-8	-162	-14636	216	-7344	13	-21	-19	-3180	-1536	16564	41	-83	184	-8992	4016	12528	-8	14	-26	-14656	4480	-6408	11	-2	14	-2904	1936	16776	25	1	4	126	125	5
-9692	-3008	13276	145	-53	-132	-14628	220	-7220	-22	-8	-10	-3120	-1492	16524	22	-103	161	-9224	3968	12720	-7	15	-29	-14576	4488	-6552	14	-8	16	-2984	2064	17032	21	2	2	126	125	5
-9712	-3008	13236	118	-3	-153	-14588	216	-7256	-3	-37	-29	-3132	-1540	16492	24	-94	158	-9168	3968	12680	-8	15	-28	-14528	4592	-6664	9	-6	11	-2912	1920	16720	23	1	3	125	125	5
-9716	-3036	13256	173	1	-135	-14600	196	-7240	-6	3	-29	-3128	-1460	16484	34	-114	174	-9160	4016	12784	-10	15	-29	-14608	4488	-6560	11	-2	14	-3032	1824	16736	22	-1	2	126	125	5
-9732	-2976	13340	150	34	-171	-14584	176	-7272	36	-31	-2	-3100	-1476	16476	40	-114	196	-9144	3912	12528	-10	13	-28	-14552	4496	-6792	9	-3	14	-3016	2144	16736	23	-2	5	126	125	5
-9644	-3016	13256	135	6	-141	-14572	212	-7212	9	-14	-48	-3132	-1520	16492	29	-105	144	-9088	4000	12800	-13	13	-32	-14616	4472	-6800	8	-5	15	-2928	1928	16760	26	-1	0	125	125	5
-9644	-3020	13320	120	0	-150	-14556	212	-7284	-6	-67	-55	-3168	-1520	16448	7	-115	159	-9328	4048	12952	-14	14	-31	-14648	4456	-6728	12	-2	17	-3016	2096	16728	21	0	2	125	125	5
-9676	-3012	13280	168	1	-128	-14552	260	-7264	-12	-17	-33	-3108	-1516	16460	32	-107	172	-9216	3944	12600	-10	17	-25	-14736	4488	-6560	7	-6	17	-2904	2040	16760	25	-5	1	125	125	5
-9672	-3020	13324	146	38	-161	-14652	256	-7168	16	-37	-47	-3168	-1512	16416	19	-105	189	-9224	3944	12752	-14	14	-28	-14472	4448	-6512	8	-7	16	-2960	2016	16584	23	-2	3	125	125	5
-9668	-3024	13208	148	14	-135	-14660	208	-7312	-25	-52	-74	-3140	-1520	16480	14	-117	203	-9168	3992	12800	-10	15	-29	-14688	4480	-6904	7	-5	13	-3008	2072	16832	20	3	5	125	125	5
-9636	-3028	13316	126	-1	-150	-14556	212	-7244	-11	-36	-61	-3108	-1460	16508	30	-108	170	-9144	4112	12800	-7	14	-33	-14584	4488	-6608	10	-5	17	-2984	2048	16728	25	-1	3	125	126	5
-9568	-2984	13168	139	-42	-126	-14588	168	-7300	-17	-18	-10	-3160	-1492	16524	19	-124	186	-9296	3832	12696	-12	12	-26	-14616	4480	-6632	9	-8	17	-3040	2040	16720	21	0	4	125	126	5
-9664	-2980	13332	144	-22	-123	-14600	236	-7268	16	-33	-86	-3084	-1512	16448	29	-79	146	-9160	4056	12432	-8	12	-30	-14480	4512	-6576	7	-6	17	-2968	1936	16864	23	-3	4	125	126	5
-9620	-3088	13212	147	-33	-155	-14644	180	-7156	-15	-32	-47	-3132	-1560	16456	45	-112	167	-9152	3968	12888	-10	14	-26	-14416	4424	-6800	8	-5	15	-2936	2032	16568	28	0	4	125	126	5
-9692	-3012	13188	171	5	-139	-14600	236	-7272	3	-44	-20	-3116	-1592	16572	11	-104	191	-9184	4016	12784	-11	14	-31	-14704	4400	-6608	8	-8	17	-2896	1952	16608	22	-2	7	125	125	5
-9644	-3088	13204	141	-24	-129	-14644	156	-7340	-37	-18	-18	-3188	-1532	16568	9	-110	150	-9328	3976	12712	-8	14	-33	-14600	4544	-6664	17	-3	17	-2944	2048	16776	24	0	6	125	126	5
-9660	-2968	13336	130	-12	-112	-14552	212	-7240	1	-2	-53	-3124	-1524	16548	36	-112	139	-9120	4032	12792	-10	13	-25	-14712	4424	-6776	4	-5	18	-3008	2152	16440	23	0	6	125	125	5
-9648	-3000	13328	143	36	-133	-14648	164	-7236	19	-3	-36	-3132	-1496	16472	40	-152	124	-9064	4064	12648	-9	14	-28	-14632	4464	-6768	10	-4	15	-2864	1984	16632	26	-1	1	125	125	5
-9672	-3056	13340	143	-2	-139	-14596	212	-7272	10	-28	-40	-3148	-1536	16404	50	-92	126	-9184	4184	12696	-9	13	-29	-14712	4424	-6592	10	-8	16	-2960	2000	16632	22	1	1	125	125	5
-9712	-2980	13236	167	-49	-117	-14584	256	-7300	-5	-45	-16	-3212	-1560	16524	8	-109	150	-9136	3800	12712	-10	14	-26	-14576	4464	-6496	6	-7	16	-2824	2040	16664	19	0	2	125	125	5
-9628	-3008	13260	104	-39	-148	-14596	236	-7256	2	-42	4	-3160	-1528	16432	-14	-156	97	-9136	3952	12704	-8	15	-28	-14552	4536	-6744	8	-11	15	-3064	1880	16832	19	-1	2	125	124	5
-9640	-2968	13304	156	-2	-151	-14592	204	-7340	-7	-48	-27	-3156	-1568	16460	32	-135	128	-9072	3880	12488	-9	17	-25	-14624	4568	-6848	10	-10	16	-2928	2000	16448	24	-5	2	125	125	5
-9664	-3012	13292	155	-3	-163	-14616	200	-7336	-3	-45	5	-3176	-1528	16512	7	-101	131	-9144	4024	12792	-7	7	-26	-14568	4584	-6552	9	-7	13	-3008	1984	16624	25	-3	4	125	126	5
-9652	-2976	13280	146	38	-121	-14584	204	-7232	10	-83	4	-3176	-1496	16372	32	-127	141	-9248	4048	12608	-5	12	-23	-14624	4504	-6584	2	-15	14	-2864	1920	16560	28	-1	5	125	126	5
-9640	-3056	13308	138	-69	-163	-14604	220	-7308	-13	-66	-14	-3152	-1532	16544	3	-118	128	-9232	4072	12624	-4	12	-22	-14568	4672	-6600	-3	-11	8	-2992	2096	16824	23	1	4	125	125	5
-9608	-2964	13240	122	16	-154	-14608	232	-7300	-18	-66	-23	-3192	-1552	16452	-8	-112	165	-9280	4040	12728	2	11	-22	-14752	4432	-6592	-1	-16	17	-2936	1920	16680	21	0	4	125	124	5
-9708	-2988	13288	166	11	-115	-14612	164	-7264	-16	-52	-8	-3116	-1520	16504	20	-87	116	-9112	3960	12656	-5	11	-25	-14624	4552	-6528	2	-7	17	-2896	1976	16592	26	-2	5	125	124	5
-9680	-2960	13224	160	-17	-142	-14596	196	-7168	-8	-53	-33	-3072	-1476	16460	43	-110	164	-9192	4024	12680	-7	10	-25	-14728	4496	-6712	4	-16	16	-3040	2144	16632	31	-4	4	125	125	5
-9708	-3064	13380	131	27	-127	-14656	148	-7192	50	-16	-22	-3116	-1552	16420	6	-128	159	-9144	3984	12552	-7	12	-27	-14552	4592	-6528	4	-12	18	-2992	2056	16664	27	-1	5	125	125	5
-9620	-3008	13148	137	-32	-128	-14612	192	-7136	75	-36	-24	-3160	-1660	16448	3	-131	120	-9168	4032	12872	-3	14	-28	-14624	4520	-6376	4	-9	11	-3064	2032	16728	23	-4	6	125	125	5
-9660	-3044	13304	144	10	-120	-14628	240	-7212	16	-43	19	-3152	-1596	16392	38	-164	127	-9064	3912	12640	-6	17	-29	-14656	4520	-6720	3	-4	14	-2936	2080	16760	20	-3	3	125	125	5
-9732	-2980	13432	162	-7	-102	-14636	184	-7204	-19	-73	27	-3140	-1560	16444	20	-146	94	-9048	4256	12680	-6	17	-25	-14560	4600	-6584	4	-7	11	-3000	2112	16456	23	2	6	125	125	5
-9692	-3060	13212	129	11	-145	-14696	220	-7320	-34	-36	17	-3164	-1492	16508	1	-154	67	-9200	3912	12872	-2	14	-32	-14448	4504	-6576	1	-4	10	-3064	2056	16760	24	3	8	125	125	5
-9660	-2988	13208	132	15	-159	-14620	156	-7272	-13	-67	53	-3176	-1568	16492	3	-179	28	-9064	4000	12744	-6	15	-27	-14552	4512	-6800	-4	-13	11	-2872	2080	16704	20	0	15	125	125	5
-9692	-3028	13300	168	-44	-99	-14608	164	-7268	-54	-132	71	-3280	-1652	16548	-8	-172	39	-9312	3848	12760	-7	12	-26	-14768	4520	-6896	-3	-14	6	-3152	2096	16704	23	-3	15	125	124	5
-9636	-3032	13292	152	24	-82	-14748	80	-7328	-7	-166	117	-3360	-1668	16556	-97	-255	19	-9152	4032	12696	-5	8	-25	-14616	4496	-6696	-3	-14	3	-3144	2064	16760	21	-1	16	125	126	5
-9660	-3052	13244	210	-1	-106	-14652	112	-7340	3	-238	80	-3388	-1672	16440	-31	-261	-42	-9192	4024	12696	-9	3	-24	-14568	4552	-6472	-6	-12	3	-3040	2000	16840	25	-2	22	125	127	5
-9660	-2956	13236	141	-12	-114	-14480	244	-7384	-33	-309	118	-3180	-1540	16476	30	-168	-85	-9160	4160	12600	-8	6	-22	-14432	4480	-6800	-18	-20	2	-2960	2144	16672	31	-1	24	125	127	5
-9664	-3040	13204	131	-3	-156	-14548	200	-7088	-82	-332	148	-3036	-1544	16516	-2	-136	-109	-9184	3992	12800	5	1	-19	-14568	4560	-6704	-38	-29	-4	-3048	2104	16776	30	5	26	125	127	5
-9708	-3052	13244	119	-90	-137	-14672	260	-7196	-72	-348	105	-3044	-1528	16556	-29	-153	-1	-9120	4024	12712	12	1	-18	-14696	4544	-6720	-28	-23	-4	-2968	2048	16776	20	5	28	125	125	5
-9632	-3068	13264	41	-49	-171	-14680	312	-7032	-58	-379	112	-3080	-1556	16524	16	-106	-61	-9160	4072	12416	6	2	-16	-14648	4576	-6440	-32	-25	-4	-2848	2048	16536	10	3	34	125	122	5
-9656	-3000	13364	12	-79	-164	-14556	240	-7176	-27	-397	109	-3076	-1576	16360	179	-152	-46	-9224	4048	12712	3	1	-19	-14792	4432	-6656	-30	-25	-3	-3072	1856	16680	19	-7	34	124	124	5
-9708	-2968	13352	-8	-98	-180	-14640	368	-7124	53	-458	139	-3052	-1460	16472	202	-216	-2	-9184	4024	12712	8	0	-22	-14808	4464	-6456	-12	-28	-2	-2864	2064	16616	18	-1	35	124	125	5
-9684	-2976	13284	-23	-100	-194	-14724	260	-7048	105	-449	186	-3060	-1388	16424	81	-213	-9	-9016	4136	12968	6	1	-17	-14584	4536	-6504	-20	-22	-5	-2928	1992	16648	17	-4	41	124	126	5
-9684	-3032	13248	-87	-96	-233	-14560	272	-7192	469	-375	157	-3012	-1428	16316	24	-225	-36	-8976	4240	12568	2	2	-16	-14584	4368	-6744	-20	-23	-8	-2736	2024	16544	7	-1	35	124	130	5
-9628	-3108	13232	-73	-173	-207	-14612	312	-7152	416	-312	134	-3036	-1496	16412	50	-265	18	-9160	4080	12920	-5	2	-19	-14632	4552	-6576	-53	-16	-6	-2864	2112	16648	21	-2	33	125	140	5
-9684	-3188	13404	-100	-122	-194	-14812	428	-7112	276	-235	70	-3088	-1528	16556	97	-248	16	-9104	4064	12792	-4	5	-23	-14672	4456	-6528	-67	-1	-6	-2752	1984	16704	13	5	28	124	142	5
-9664	-3052	13312	-53	-88	-204	-14740	400	-7012	299	-255	85	-3016	-1352	16472	189	-161	50	-9216	4064	12608	4	3	-21	-14640	4464	-6328	-71	-8	-8	-2800	2056	16712	17	0	28	126	154	5
-9616	-3096	13192	-57	-29	-183	-14684	252	-7068	210	-208	13	-2976	-1448	16548	9	-198	54	-9240	4064	12848	31	-8	-9	-14664	4544	-6312	-67	-10	-11	-2760	2224	16904	16	4	30	126	149	5
-9716	-3092	13280	-77	-105	-195	-14736	260	-7096	359	-226	83	-2964	-1508	16328	-407	-365	-80	-9040	3904	12816	72	-7	-3	-14616	4552	-6512	-75	-7	-8	-2672	2080	16896	7	19	35	125	120	5
-9628	-3024	13316	-130	-103	-149	-14624	168	-7028	462	-188	77	-2928	-1652	16660	0	84	-48	-9048	4208	12648	54	-18	7	-14568	4544	-6784	-59	11	-16	-2808	2064	16536	-4	16	35	124	73	5
-9656	-3112	13148	-109	-166	-188	-14736	388	-7072	372	-148	39	-3032	-1456	16364	-66	-100	6	-9080	4208	12400	48	-21	4	-14704	4496	-6456	-67	17	-11	-2608	2272	16720	-3	31	30	125	48	5
-9504	-3084	13332	-42	-55	-196	-14732	424	-6888	297	-70	33	-3016	-1388	16512	-98	-20	106	-9192	4224	12512	35	-6	-7	-14624	4384	-6360	-50	20	-20	-2624	2088	16544	-3	30	30	124	30	5
-9632	-3120	13336	-66	-135	-174	-14664	380	-7032	313	-14	20	-2800	-1528	16476	-48	-34	168	-8856	4184	12800	26	-13	-5	-14592	4632	-6320	2	32	-22	-2568	2032	16720	-24	35	26	125	49	5
-9552	-3124	13224	3	-29	-189	-14636	292	-6948	342	50	4	-2748	-1544	16576	125	227	187	-9200	4288	12880	27	-12	-13	-14480	4640	-6328	-22	38	-18	-2520	1992	16760	-32	40	28	124	53	5
-9572	-3104	13284	29	-73	-120	-14620	288	-6972	483	48	-30	-2772	-1432	16456	268	385	187	-9032	4168	12568	31	-22	-6	-14416	4608	-6592	-52	62	-25	-2328	2056	16616	-30	59	30	125	61	5
-9656	-3156	13380	35	-75	-146	-14700	220	-6764	479	69	-39	-2840	-1332	16372	189	399	188	-8856	4336	12648	24	-28	-5	-14640	4384	-6480	-48	75	-26	-2624	2040	16680	-32	60	35	125	37	5
-9816	-3116	13420	-63	-49	-179	-14596	172	-6928	637	229	-28	-2780	-1620	16376	335	738	218	-8936	4344	12608	10	-25	-11	-14680	4576	-6216	-20	89	-27	-2400	1584	16688	-52	74	28	126	38	5
-9444	-3228	13132	-136	-66	-153	-14464	120	-6820	752	197	-97	-2896	-1744	16520	90	682	302	-9096	4264	12744	15	-27	-10	-14672	4280	-6440	-31	93	-19	-2464	1824	16568	-56	83	24	124	71	5
-9544	-3116	13152	-62	-102	-148	-14804	148	-7032	720	308	-44	-3068	-1616	16536	167	912	275	-8888	4288	12608	9	-21	-19	-14616	4288	-6232	-1	94	-1	-2504	1776	16712	-76	99	6	126	71	5
-9696	-3056	13456	26	-62	-162	-14664	188	-7032	834	364	22	-3072	-1644	16464	118	901	253	-9000	4296	12848	5	-19	-14	-14704	4552	-6656	6	104	-10	-2624	1616	16976	-70	125	19	128	57	5
-9532	-3220	13224	61	-108	-97	-14608	96	-7024	662	271	27	-3068	-1700	16320	-277	703	148	-9328	4304	12872	22	-21	-11	-14432	4608	-6712	0	125	-4	-2624	1512	16744	-61	122	28	127	73	5
-9508	-3192	13224	-111	-147	-170	-14524	-44	-6964	655	320	48	-3156	-1704	16300	-831	553	176	-9304	4168	12848	21	-23	-5	-14472	4192	-6376	11	140	-2	-2696	1712	16736	-75	124	28	128	83	5
-9600	-3104	13260	83	-252	-156	-14632	104	-7032	424	360	43	-3120	-1384	16432	-1535	676	115	-8912	4184	12608	22	-23	-1	-14520	4192	-6624	17	150	7	-2888	1376	16608	-63	122	41	123	106	5
-9488	-3116	13148	34	-221	-136	-14740	248	-7008	439	395	81	-3252	-1876	16512	-1098	1179	277	-9032	4344	12856	2	-12	-18	-14552	4488	-6408	37	146	11	-2960	1592	16592	-74	139	47	122	102	7
-9468	-3184	13276	50	-158	-39	-14520	132	-7228	160	395	83	-3256	-2076	16744	-679	1201	172	-8784	4272	12576	-5	-4	-30	-14600	4496	-6792	29	162	16	-2936	1568	16880	-2	176	19	128	124	7
-9504	-2856	13220	234	-282	78	-14580	44	-7112	114	373	92	-3440	-1848	16128	-1052	1353	117	-8920	4136	12824	-9	-4	-33	-14448	4416	-6632	7	167	17	-3184	1576	16656	65	190	15	128	133	7
-9816	-3348	13388	310	-306	97	-14492	-504	-7436	1064	308	258	-3224	-1612	16688	-1583	1205	-93	-8904	4192	12840	-26	11	-46	-14560	4320	-6976	2	170	23	-3392	1368	16824	91	180	46	114	119	7
-9528	-3284	13476	283	-278	91	-14804	288	-7316	836	394	366	-3412	-1964	16152	-1311	1819	-279	-8688	4136	12608	-33	13	-53	-14512	4504	-6904	40	155	20	-3328	1912	16768	96	215	37	129	105	7
-9804	-3344	13504	251	-230	133	-14568	-196	-7048	788	385	520	-3628	-2148	16404	-792	1666	-575	-9232	4624	12768	-28	21	-57	-14464	4392	-7128	22	153	23	-3656	1792	16336	101	202	14	123	120	7
-9640	-3140	13264	176	-431	56	-14128	-48	-7252	707	470	517	-3268	-1876	15892	-265	1582	-693	-8824	4264	12912	-20	16	-54	-14392	4368	-6936	69	168	22	-3456	1928	16592	137	159	2	124	163	7
-9484	-3008	13264	-22	-644	-68	-14428	288	-7240	253	733	538	-3224	-2184	16288	56	1423	-763	-9040	4352	12704	-21	6	-48	-14184	4832	-7072	49	170	14	-3576	2000	16816	179	192	6	119	145	7
-9516	-3168	13508	-23	-600	-24	-14744	172	-6988	180	756	604	-3456	-2080	16212	309	1390	-621	-8880	4296	12576	-33	7	-56	-14512	4664	-6648	3	198	19	-3200	2088	16528	185	226	25	129	103	7
-9428	-3304	13252	176	-605	62	-14620	76	-6972	591	793	448	-3112	-1500	16596	308	1466	-497	-8808	4208	12760	-44	6	-69	-14280	4472	-6688	2	160	-10	-3008	2576	16776	64	265	64	133	125	7
-9424	-3312	13268	238	-599	105	-14676	436	-6948	1052	813	326	-2904	-1344	16636	-21	1896	-454	-8840	4320	12720	-43	9	-79	-14192	4592	-7064	16	191	1	-3248	2480	16528	22	325	58	121	99	7
-9512	-2976	13496	368	-369	198	-14632	724	-6976	788	908	254	-2936	-940	16720	-1273	2189	-544	-9056	4232	12864	-49	12	-85	-14192	4712	-7472	43	168	13	-3136	2560	16120	104	265	48	128	128	7
-9588	-3096	13400	78	-490	140	-14340	500	-7440	504	1223	183	-3108	-1068	15940	-1343	2185	-577	-9056	4064	12600	-20	-11	-63	-14008	4320	-7472	31	202	-34	-3168	1960	16472	128	305	60	116	104	7
-9560	-2860	13444	-29	-538	-39	-14212	764	-7348	47	1392	69	-3096	-1316	15944	-2121	2096	-537	-8824	4064	12696	-12	-9	-52	-14392	4328	-7256	63	213	-36	-3376	2704	16488	137	353	72	136	93	7
-9204	-3120	13236	57	-407	7	-14600	268	-6988	-80	1476	12	-3632	-1824	16588	-1716	2227	-428	-8768	4256	12816	-20	6	-61	-14256	4360	-7360	89	217	-33	-3000	1960	16168	112	358	44	119	107	7
-9260	-3212	13392	102	-384	139	-14656	184	-7384	592	1422	-208	-3800	-1592	16332	-1923	2773	-324	-9088	4152	12840	-16	12	-60	-13912	4552	-7232	0	239	-44	-2912	2360	16080	118	382	36	114	114	7
-9424	-2856	13492	85	-260	139	-14420	680	-7796	835	1400	-215	-4024	-1892	16144	-1849	2803	-272	-8928	4064	12632	-15	7	-64	-14032	4144	-7224	5	257	-42	-3296	2304	16456	144	399	17	125	105	7
-9324	-2740	13436	-73	-206	-41	-14268	784	-7536	215	1608	-293	-4008	-1460	16140	-2211	2735	-277	-9040	4480	13056	-48	12	-82	-14264	4736	-7360	60	254	-40	-4176	2424	16536	122	427	25	129	126	7
-9364	-3076	13520	-45	-106	42	-14408	608	-7620	-82	1715	-501	-3992	-2108	16108	-2044	2897	-87	-8992	4048	12656	-49	13	-75	-13992	4464	-7952	-11	293	-55	-4632	2752	16256	66	452	23	125	129	7
-9492	-2920	13488	-202	-19	-79	-14148	704	-7816	-407	1872	-661	-4128	-1960	16044	-2178	3363	81	-8856	4096	12728	-38	6	-66	-14024	3936	-7864	21	304	-71	-4752	2176	16104	47	471	11	114	125	7
-9432	-3056	13536	-319	-12	-147	-14104	460	-7840	-751	1841	-743	-4520	-2284	16088	-2362	3597	365	-8872	4240	12712	-63	15	-80	-14112	4120	-7792	108	270	-55	-5024	1696	16368	65	491	23	125	128	7
-9140	-2988	13256	-217	143	-98	-14320	240	-8112	-569	1673	-867	-4896	-2764	16064	-2273	3606	652	-9120	3872	12960	-59	15	-79	-13904	4024	-8464	126	259	-46	-5512	1896	15680	64	506	27	127	139	7
-9568	-3032	13340	-272	121	-138	-14204	-28	-8288	-238	1684	-777	-4700	-3088	15516	-2041	3748	624	-8920	3448	12712	-46	11	-63	-13752	3864	-8392	133	266	-52	-5544	2080	15968	142	495	7	127	119	7
-9392	-2980	13376	-171	10	-170	-14120	-68	-7944	-256	1683	-664	-4636	-2980	15780	-1885	3938	625	-8784	4096	12920	-55	18	-72	-13912	4176	-8144	146	256	-43	-5648	2024	15992	142	502	2	116	125	7
-9020	-3168	13368	8	188	-65	-14560	20	-7580	-124	1668	-732	-5164	-3440	15968	-1549	3957	378	-8848	3848	12712	-77	25	-84	-13904	4024	-8400	113	243	-15	-6008	2400	16016	152	534	-37	141	119	7
-9212	-3256	13284	254	431	167	-14284	-112	-8112	-28	1656	-695	-5424	-3676	15728	-1554	4039	405	-9512	4080	12984	-52	27	-80	-13744	4080	-8776	107	226	-40	-6256	2096	15840	167	549	-49	117	110	7
-9560	-3204	13392	338	380	164	-14088	-300	-8084	-244	1673	-566	-5592	-3824	15204	-1243	4337	374	-9144	3800	13016	-39	14	-62	-13720	3616	-8952	101	236	-30	-6296	2192	16096	155	558	-60	128	122	7
-9360	-3240	13308	542	372	257	-14148	-276	-8104	4	1631	-441	-6128	-3340	15228	-1241	4506	301	-9016	3888	12800	-33	17	-52	-13720	3800	-8824	184	203	-24	-6976	2112	15464	118	554	-58	134	112	7
-9464	-3200	13432	648	362	360	-14096	-76	-8492	-63	1561	-279	-6408	-3384	15512	-1349	4246	70	-9080	3808	12784	-33	19	-47	-13688	4088	-8696	183	175	-6	-7024	2128	15624	187	540	-78	131	92	7
-10048	-2932	13424	25	99	-2	-13620	-200	-9200	-33	1669	-130	-6540	-3520	14752	-1379	4418	119	-9160	3912	13024	-35	21	-56	-13728	3904	-9096	165	155	-8	-7504	2504	15624	153	547	-94	137	112	7
-9460	-3084	13484	45	16	-81	-13820	-188	-8360	-207	1582	-110	-6876	-3616	15396	-1096	4667	269	-9040	3752	12976	-33	16	-39	-13552	3576	-9056	176	135	6	-7560	2760	15600	158	544	-107	115	115	7
-9504	-3332	13348	141	109	3	-14400	-352	-8808	82	1387	-84	-7560	-3860	14788	-597	5017	217	-9224	3696	12856	-8	18	-30	-13456	3936	-8880	179	119	6	-7896	2848	15256	145	554	-114	135	112	7
-9716	-3020	13468	103	83	-80	-13684	-152	-9132	518	1166	9	-7648	-3544	14720	-595	4931	268	-9072	4016	13024	10	11	-14	-13584	3888	-9016	159	139	-14	-7640	2712	15384	105	572	-110	127	124	7
-9556	-2880	13300	91	1	-124	-13828	-8	-8752	400	1158	91	-7568	-3196	15064	-700	4594	246	-8936	4112	12720	10	5	-19	-13704	3896	-8816	129	104	-8	-7416	2736	15232	106	572	-105	139	134	7
-9280	-3064	13216	295	99	7	-14116	116	-8820	541	980	6	-7668	-3192	15204	-986	4765	260	-9008	4136	12696	-18	6	-28	-13688	3848	-8440	94	95	-4	-7656	2480	15232	137	537	-106	139	116	7
-9472	-2792	13332	349	166	13	-13708	300	-9360	244	934	-53	-7840	-3580	14764	-1083	4783	259	-8880	3816	12784	-39	7	-45	-13664	3624	-9288	65	92	-8	-7976	2640	15184	141	550	-101	122	107	7
-9516	-2892	13332	358	162	8	-13892	-32	-8980	-137	855	-37	-7904	-3504	14560	-1063	4781	247	-8896	3888	12704	-55	17	-53	-13768	3760	-9552	54	68	-12	-7632	2744	15032	134	558	-92	134	122	7
-9516	-3160	13248	717	120	75	-13864	-372	-9056	261	616	7	-8600	-3484	14564	-475	4600	122	-8976	4048	12976	-70	22	-62	-13664	3736	-8664	63	53	-13	-8024	2584	14752	108	563	-76	132	118	7
-9740	-3116	13632	647	104	110	-13864	-364	-8972	273	393	125	-8648	-3692	14064	-625	4333	417	-9184	3928	13128	-50	19	-50	-13272	3584	-8944	65	42	-12	-8208	2752	14968	143	540	-63	126	123	7
-9732	-2824	13404	205	-24	-88	-13532	-100	-9268	-8	526	228	-8384	-3240	14492	-564	4304	612	-8992	3752	12632	-43	12	-42	-13464	3760	-9064	70	43	-20	-8264	2752	15000	174	546	-58	122	134	7
-9884	-3064	13528	168	-40	-138	-13908	348	-9176	-101	421	115	-8532	-3016	14052	-718	4524	604	-8840	3736	12680	-55	14	-49	-13640	3872	-8968	46	23	-23	-8912	2808	14536	128	551	-39	134	138	7
-9516	-2756	13196	146	7	-168	-13740	-12	-8884	-350	318	46	-8528	-3312	14128	-542	4739	688	-8984	4032	12816	-75	13	-49	-13560	3560	-9360	33	5	-21	-8800	3120	14488	75	555	-36	136	144	7
-9420	-2984	13364	244	37	-113	-13832	120	-9140	-157	196	-35	-8696	-3508	14000	-403	4713	712	-8808	3688	12536	-76	11	-54	-13464	3816	-9168	22	8	-34	-8744	3200	14760	22	565	-23	117	137	7
-9516	-3004	13248	354	28	-98	-13848	-52	-9016	-193	109	-38	-8940	-3704	13524	-430	4502	820	-8912	4280	12944	-112	21	-75	-14008	4064	-8568	47	-18	-49	-8848	3152	14424	59	557	-10	122	125	7
-9400	-2880	13140	596	103	-33	-13728	48	-8948	-123	80	-112	-9040	-3444	14032	-662	4407	893	-8888	3808	12760	-138	8	-83	-13408	3768	-9032	69	-22	-46	-8824	2896	14072	95	558	-8	132	138	7
-9268	-2800	13248	1248	97	185	-14248	-48	-8860	-495	-165	-232	-9244	-3848	13504	-616	4383	964	-8872	3752	12560	-161	0	-92	-13440	3664	-8800	80	-14	-51	-9064	2536	14120	78	545	21	144	130	7
-9568	-2816	13408	1407	25	256	-13672	-400	-9212	310	-306	-214	-9636	-3992	13548	-189	4737	902	-8976	4024	13200	-131	7	-93	-13816	3432	-9480	13	-4	-78	-9240	3008	14048	63	554	48	131	133	7
-9484	-2860	13192	1378	-32	198	-13720	-76	-8868	194	-272	-38	-9728	-3992	13368	-66	4466	986	-9072	3400	12888	-101	3	-76	-13184	3480	-9328	-18	-30	-73	-9480	3248	13848	44	562	41	133	124	7
-9488	-2708	13404	1270	-38	165	-13796	-176	-8920	-60	-244	-52	-9752	-3740	13376	-552	4330	937	-9088	3864	12880	-65	6	-57	-13496	3256	-9056	76	-58	-82	-9544	2968	13832	52	570	45	147	117	7
-9744	-2916	13472	714	4	31	-13700	-104	-8900	-316	-437	169	-9764	-3576	13356	-508	4233	1010	-9104	3616	12864	-45	1	-51	-13520	3672	-9168	37	-63	-77	-9752	2624	13888	35	553	43	121	132	7
-9636	-2752	13424	327	9	-128	-13580	32	-9168	-320	-538	229	-9888	-3160	13448	-549	4162	1001	-8912	3360	13072	-47	0	-46	-13928	3208	-8952	4	-63	-81	-10056	2480	13832	34	550	39	127	115	7
-9544	-2660	13520	242	-2	-161	-13980	228	-8780	-534	-525	230	-9920	-3328	13240	-363	4299	963	-9096	3632	13216	-49	11	-50	-13584	3120	-8808	60	-77	-68	-10104	2504	13496	44	545	22	135	117	7
-9512	-2704	13464	197	26	-194	-13760	-56	-8672	-538	-543	140	-9824	-3196	12936	-429	4323	884	-9160	3504	13112	-52	10	-50	-13696	2984	-8960	44	-81	-43	-10064	2128	13416	66	567	1	129	128	7
-9488	-2700	13436	221	1	-188	-13880	28	-8912	-140	-539	45	-9736	-3264	12972	-37	4609	983	-8976	3272	12840	-50	10	-47	-13912	2944	-9288	-16	-85	-26	-10176	2072	13472	56	534	-4	128	128	7
-9584	-2780	13308	269	22	-187	-13812	140	-8764	-419	-518	78	-9972	-3656	12336	-187	4603	1142	-8968	3448	12744	-74	27	-38	-13832	2872	-9144	14	-79	-5	-10208	2120	13792	42	536	-10	118	95	7
-9472	-2860	13224	317	-10	-143	-13744	-88	-8492	-210	-386	49	-10216	-3412	12644	-2	4494	1030	-9272	3648	12960	-46	27	-36	-13624	3232	-8904	84	-89	10	-10168	2344	13368	74	528	-50	130	131	7
-9488	-2800	13340	438	18	-111	-14004	144	-8476	-138	-294	61	-10080	-3488	12612	-111	4305	912	-8728	3488	13024	-53	11	-24	-13736	3496	-9120	56	-82	31	-10200	2736	13168	83	519	-43	128	102	7
-9512	-2700	13368	298	10	-123	-13748	200	-8628	-57	-227	120	-10168	-3320	12268	215	4436	960	-9016	3432	12896	-39	27	-28	-14000	3192	-8424	41	-84	21	-10312	2696	13080	94	537	-50	124	141	7
-9416	-2604	13456	303	67	-124	-13880	12	-8304	-381	-156	153	-10020	-3148	12576	-305	4388	1125	-8920	3488	12848	-55	31	-34	-13592	3360	-8856	44	-65	17	-10152	2952	12912	121	529	-54	131	148	7
-9520	-2788	13408	205	82	-169	-13816	-40	-8288	107	-114	77	-10188	-3252	12472	-117	4461	1038	-9048	3392	13032	-68	36	-36	-13880	3344	-8560	36	-61	20	-10512	3176	12712	52	526	-52	139	127	7
-9420	-2708	13384	239	92	-91	-14044	184	-8296	104	-152	145	-10140	-3276	12412	-265	4437	1034	-9176	3520	12752	-79	37	-34	-13672	3608	-8960	32	-58	21	-10584	3208	12824	71	509	-62	125	122	7
-9656	-2756	13392	188	107	-103	-13828	-144	-8692	401	-271	138	-10924	-3448	12200	-91	4557	754	-9112	3488	13192	-48	31	-38	-13608	3608	-8904	-25	-70	6	-10816	3304	12240	80	528	-60	113	121	7
-9608	-2692	13296	181	67	-83	-14044	204	-8904	257	-328	191	-11348	-3596	11584	57	4620	711	-9152	3384	13072	-44	27	-33	-13672	3432	-8592	-4	-56	2	-10896	3360	12648	56	545	-42	127	132	7
-9592	-2660	13352	99	60	-114	-13836	52	-8688	186	-391	283	-11380	-3640	11904	-31	4834	802	-9056	3576	12800	-47	26	-33	-13688	3688	-8912	-38	-74	-17	-11344	3232	12248	66	552	-40	121	119	7
-9608	-2872	13480	46	116	-124	-14108	-24	-8420	164	-441	325	-11620	-3556	11428	288	4944	890	-9064	3376	12744	-47	24	-34	-13792	3240	-8416	-68	-64	-11	-11328	3224	11968	75	566	-30	135	127	7
-9500	-2816	13428	106	121	-115	-13924	4	-8576	278	-505	321	-11704	-3380	11200	445	4883	896	-8936	3328	12800	-45	22	-35	-13720	3072	-8776	-23	-70	-35	-11464	3072	12024	59	584	-21	153	134	7
-9580	-2788	13488	60	126	-78	-13996	-24	-8508	234	-467	397	-11640	-3416	11296	517	4859	801	-9032	3432	12872	-49	34	-39	-13832	3632	-8864	-10	-83	-39	-11344	3032	11792	43	582	-4	118	117	7
-9612	-2728	13376	128	118	-26	-13976	-68	-8504	533	-585	445	-11880	-3300	11148	610	5075	653	-9064	3576	12864	-41	36	-36	-13832	3296	-8784	-48	-87	-50	-11816	2944	11648	50	583	-33	131	126	7
-9548	-2672	13376	138	31	-9	-13920	104	-8684	425	-622	476	-11968	-3408	11024	850	5406	622	-9072	3368	12632	-33	33	-46	-13904	3112	-8672	-53	-89	-50	-11968	3096	11576	49	600	-52	144	153	7
-9564	-2768	13356	115	58	-12	-13992	-168	-8632	384	-672	550	-12184	-3320	10600	511	5468	618	-9128	3312	12976	-33	35	-43	-13968	3360	-8728	-38	-100	-57	-12256	3056	11600	44	603	-48	122	160	7
-9572	-2816	13312	88	41	-36	-14012	-40	-8480	600	-773	628	-12492	-3220	10576	415	5532	459	-9168	3344	12920	-32	33	-47	-13800	3440	-8760	-37	-111	-47	-12344	3000	10976	46	605	-73	133	158	7
-9524	-2608	13456	107	79	7	-13940	248	-8872	544	-830	647	-12656	-3376	10508	790	5646	324	-9008	3544	13008	-43	17	-56	-14008	3608	-9096	-80	-129	-59	-12776	2856	11024	22	612	-79	128	143	7
-9636	-2632	13252	87	55	-30	-14068	112	-8532	119	-859	706	-12748	-3244	10388	845	5757	434	-9184	3072	12704	-31	23	-45	-13856	3000	-8808	-94	-131	-52	-12696	2768	10848	30	630	-58	141	162	7
-9612	-2744	13232	122	75	-25	-14080	68	-8256	132	-969	722	-12828	-3156	10216	895	5813	428	-9064	3464	13040	-18	39	-39	-14128	3192	-8424	-1	-149	-55	-12824	2776	10856	32	660	-49	137	160	7
-9788	-2788	13328	198	23	53	-13844	88	-8880	575	-1027	703	-13224	-3084	9964	542	6236	587	-9128	3360	12848	-26	31	-36	-13960	3408	-8584	-8	-169	-46	-12720	2616	10280	52	643	-60	128	174	7
-9568	-2724	13412	156	32	33	-14316	440	-8820	515	-1188	807	-13316	-3268	9516	882	6286	450	-8960	3312	13112	-16	35	-41	-14048	3176	-8672	-2	-175	-42	-13224	2600	10360	56	673	-75	119	160	7
-9652	-2660	13432	76	114	-30	-14168	376	-8544	319	-1382	787	-13572	-2840	9280	680	6151	501	-9048	3160	12760	-11	34	-38	-13992	3232	-8656	-12	-196	-39	-13752	2832	9944	64	677	-71	144	172	7
-9704	-2692	13356	109	82	-85	-13912	404	-8652	339	-1434	686	-13768	-2336	9312	459	6223	391	-9128	3256	12856	-12	37	-35	-14160	2816	-8104	-10	-204	-34	-13704	2592	9984	54	697	-68	131	151	7
-9688	-2664	13388	-15	135	-76	-14260	572	-8504	48	-1474	629	-13836	-2736	9068	708	5831	698	-9016	3112	12928	-21	42	-35	-14064	3096	-8384	-5	-226	-24	-13408	2400	9992	46	705	-65	144	150	7
-9732	-2616	13428	25	128	-100	-14168	156	-8340	-52	-1667	655	-13864	-2996	8680	898	5986	631	-9120	3192	13008	-6	41	-34	-14272	3096	-8424	-21	-229	-12	-13848	2272	9712	91	689	-74	122	135	7
-9684	-2728	13312	58	75	-55	-14088	176	-8284	172	-1722	643	-14108	-2592	8292	964	6159	570	-9192	3232	12896	-8	46	-34	-14064	3072	-8376	-21	-243	-5	-13816	2640	9256	111	714	-106	119	135	7
-9612	-2756	13332	59	70	-78	-14080	492	-8340	-34	-1841	677	-13520	-1896	8392	212	6545	-150	-9192	3200	12824	6	49	-29	-14224	3032	-8496	-15	-254	-1	-13888	2920	9176	65	724	-86	127	138	7
-9608	-2592	13392	50	134	-65	-14488	448	-8104	-81	-1958	674	-14276	-3056	8048	730	5995	1022	-9176	3520	13120	6	55	-24	-14392	3136	-7960	-4	-271	1	-13984	2784	8888	57	731	-98	131	130	7
-9696	-2732	13284	1	163	-48	-14452	144	-8172	243	-2013	646	-14160	-3040	7972	839	6381	650	-9104	3408	12864	2	55	-32	-14464	3432	-8176	-23	-280	2	-13896	2880	8832	64	750	-102	126	130	7
-9704	-2660	13420	27	123	-72	-14156	596	-7936	-16	-2127	608	-14472	-2548	7624	1346	6359	839	-9280	3408	12848	7	49	-29	-14280	3264	-7872	-22	-281	-2	-13936	2816	8440	62	749	-95	117	132	7
-9764	-2744	13408	9	186	-119	-14064	640	-8068	-391	-2178	582	-14304	-2220	7552	962	6483	932	-9272	3272	12768	6	44	-34	-14328	3152	-7992	-29	-293	-14	-14160	2680	8576	92	749	-88	120	132	7
-9704	-2744	13364	-10	136	-117	-14464	588	-7700	-532	-2266	624	-14396	-2268	7196	863	6583	892	-9152	3200	12880	8	43	-28	-14376	3152	-7664	-37	-302	-17	-14512	2408	8416	92	741	-67	118	130	7
-9676	-2640	13332	15	145	-115	-14504	492	-7808	-246	-2340	584	-14800	-2240	6724	128	6479	704	-9248	3424	12752	8	44	-32	-14480	2888	-7576	-36	-308	-10	-13816	1824	8416	117	785	-74	122	127	7
-9544	-2760	13284	66	167	-117	-14400	476	-7600	-521	-2369	591	-15048	-2688	7096	835	6816	1040	-9224	3280	12984	14	48	-36	-14760	3344	-7608	-43	-317	-15	-14376	2864	7824	117	750	-54	126	121	7
-9660	-2692	13340	-37	142	-130	-14508	716	-7528	-434	-2493	499	-14952	-2112	6824	84	6623	438	-9136	3424	12912	3	51	-32	-14672	3272	-7624	-83	-322	-13	-14608	2776	7736	104	758	-56	131	120	7
-9684	-2692	13368	-8	167	-129	-14604	976	-7436	-434	-2501	489	-14876	-2324	6752	-65	6158	1379	-9264	3384	13080	15	56	-32	-14600	3288	-7208	-87	-316	-19	-14944	2696	7496	35	753	-55	129	127	7
-9656	-2712	13320	-51	219	-211	-14588	612	-7244	-467	-2442	456	-14396	-2116	6316	-103	6627	961	-9336	3392	12912	13	44	-33	-14584	2968	-7112	-78	-317	-16	-14616	2392	7344	19	739	-54	122	129	7
-9744	-2776	13204	-17	259	-159	-14652	616	-7112	-271	-2380	396	-14944	-2436	6084	16	6342	1305	-9336	3328	12968	8	42	-37	-14624	3120	-6792	-41	-323	-13	-14504	2200	7560	57	714	-53	123	126	7
-9720	-2628	13340	-29	250	-174	-14684	928	-6944	-633	-2441	317	-14716	-2348	5796	-125	6279	1432	-9088	3288	12824	13	45	-32	-14776	3320	-6792	-60	-311	-16	-14840	2616	6800	81	709	-82	130	129	7
-9712	-2756	13300	-13	220	-159	-14588	452	-6768	-626	-2280	386	-14812	-2296	5660	-562	5870	1212	-9408	3432	12752	5	38	-37	-14552	3136	-7160	-124	-300	-13	-14568	2240	6760	27	737	-47	124	129	7
-9748	-2792	13360	8	132	-146	-14592	480	-6776	-502	-2175	421	-14872	-2540	5652	-515	5900	1341	-9176	3280	12944	5	35	-29	-14560	3064	-6808	-129	-291	-16	-15056	2472	6536	49	695	-34	119	126	7
-9660	-2864	13276	40	158	-97	-14916	556	-6728	-304	-2109	503	-15032	-2468	5072	-259	6101	1172	-9256	3352	12904	9	36	-23	-15104	2744	-6216	-103	-286	8	-15080	1728	7024	36	670	-27	127	126	7
-9780	-2716	13188	100	52	-108	-14636	636	-6696	-443	-2191	514	-15500	-2524	4996	-750	5975	982	-9328	3432	12752	9	50	-25	-15176	2784	-6488	-60	-288	20	-15144	2312	6880	54	653	-55	123	122	7
-9732	-2780	13324	89	118	-128	-14912	972	-6484	-453	-2112	583	-15380	-2516	5212	-790	5900	995	-9376	3368	12880	13	57	-33	-14912	3384	-6080	-26	-270	24	-15136	2200	6520	124	632	-84	116	124	7
-9740	-2904	13328	117	164	-92	-15024	744	-6200	-495	-1904	625	-15244	-2496	4536	-630	5679	921	-9360	3424	12768	7	50	-32	-14680	3440	-6176	-67	-255	21	-14920	2568	5776	180	636	-71	121	125	7
-9724	-2848	13280	181	102	-77	-14780	536	-6368	-193	-1820	619	-15280	-2244	4572	-570	5278	1008	-9232	3384	12568	9	44	-29	-14824	3072	-6144	-76	-239	15	-14744	2928	5816	183	634	-65	123	134	7
-9752	-2708	13328	170	46	-33	-14864	972	-6232	92	-1766	638	-15288	-2176	4300	-477	5345	1175	-9288	3576	12688	7	49	-31	-15264	3424	-5800	-16	-226	20	-14976	2744	5912	115	584	-25	123	134	7
-9716	-2788	13180	209	1	-50	-14920	1004	-6172	-121	-1709	600	-15284	-2056	4436	-400	5270	1116	-9376	3376	12776	5	35	-37	-14760	3392	-6000	-45	-211	7	-15056	2440	5536	127	585	-47	126	134	7
-9832	-2712	13056	199	7	-62	-14832	796	-6488	46	-1691	607	-15852	-1956	3524	-207	5199	1130	-9424	3336	12848	6	43	-37	-14952	3120	-6312	-26	-191	10	-15120	2376	5208	100	553	-64	117	140	7
-9712	-2740	13332	148	58	-119	-15136	1312	-6068	-160	-1650	599	-15764	-1700	3688	-151	4994	842	-9192	3448	12792	0	37	-33	-14840	3400	-5632	-4	-182	12	-15288	2328	4824	55	610	-49	123	128	7
-9772	-2752	13312	102	56	-93	-15144	1044	-6180	-399	-1642	560	-15800	-1952	3048	151	4971	1158	-9256	3464	12864	-5	37	-37	-14768	3616	-6208	-43	-179	14	-15504	2936	4304	23	694	-13	127	131	7
-9764	-2736	13204	134	-15	-131	-14900	792	-6388	-259	-1625	543	-15852	-1976	2780	-178	5182	1187	-9320	3280	12784	-8	23	-30	-15272	3536	-6024	-89	-168	-6	-15664	3016	4200	86	637	-20	115	129	7
-9772	-2744	13416	66	88	-132	-15228	1592	-6020	-831	-1666	510	-16140	-1836	3156	-65	5152	1087	-9320	3432	12784	-12	32	-34	-15480	3256	-6224	-110	-179	-9	-16048	2976	4288	-12	612	5	122	124	7
-9724	-2944	13276	96	126	-103	-15264	1480	-5896	-868	-1652	523	-15980	-2036	1792	-86	5352	1235	-9416	3296	12608	-10	33	-36	-15072	3216	-6432	-114	-183	-15	-16000	2600	4048	1	629	13	128	130	7
-9732	-2772	13288	137	45	-102	-14924	996	-6324	-648	-1778	467	-16172	-1704	1992	-838	5354	1239	-9232	3280	12656	-3	38	-27	-15360	3048	-5488	-5	-173	-10	-15752	2096	4400	-27	614	12	125	124	7
-9696	-2836	13192	167	32	-133	-15244	1324	-5912	-740	-1826	600	-16088	-2380	1628	-274	5321	1101	-9344	3448	12544	-19	32	-42	-15040	3472	-5904	-36	-181	-3	-15904	1768	3392	-30	634	-6	125	119	7
-9760	-2860	13252	153	27	-91	-15036	1120	-5972	-944	-1916	574	-15992	-2172	1708	190	5566	1194	-9424	3400	12896	-5	30	-34	-15104	3112	-6120	-44	-185	7	-16016	1904	3048	-32	641	12	122	119	7
-9732	-2892	13208	201	-5	-95	-15264	1044	-5828	-363	-1877	608	-16112	-2024	1304	373	5464	1334	-9432	3312	12576	-10	25	-33	-15176	3008	-5992	-6	-203	9	-16032	2472	2256	70	694	-23	122	114	7
-9772	-2784	13244	170	64	-138	-15352	1176	-6044	-330	-2003	678	-16164	-1500	1296	511	5604	1222	-9416	3312	12720	-11	17	-28	-15200	3528	-6120	-23	-228	2	-16232	2824	1848	42	733	-9	123	116	7
-9772	-2756	13328	152	1	-152	-15248	1392	-6020	-452	-2103	668	-16156	-1236	876	471	5844	975	-9216	3336	12728	-9	18	-18	-15424	3304	-5696	-51	-229	3	-16152	2808	2216	-9	701	37	123	128	7
-9712	-2816	13332	117	69	-148	-15344	1464	-5376	-700	-2155	686	-16364	-1660	1220	-138	5749	1136	-9336	3392	12752	-3	21	-20	-15520	3616	-5800	-54	-240	4	-16096	2672	2448	-1	692	52	119	129	7
-9876	-3348	13504	134	33	-174	-15296	1400	-5456	-277	-1994	652	-16360	-1936	344	499	5836	1013	-9384	3400	12704	-2	18	-27	-15560	2984	-5552	-43	-249	13	-16304	2384	2360	-91	770	70	126	124	7
-9836	-2820	13168	166	7	-112	-15132	1176	-5648	-190	-2249	568	-16148	-1692	200	609	5782	792	-9312	3288	12872	1	30	-23	-15480	2800	-5056	-7	-234	23	-16120	1944	3112	-133	744	55	122	111	7
-9760	-2688	13328	192	-30	-105	-15292	1880	-5436	-772	-2228	632	-16088	-1408	412	1272	5863	943	-9408	3416	12608	10	39	-15	-15432	2984	-4760	19	-220	34	-15824	1728	2936	-145	703	14	131	105	7
-9748	-2756	13312	209	16	-115	-15372	1580	-5124	-918	-2231	459	-16144	-1228	-80	1293	5514	878	-9376	3528	12872	6	40	-23	-15184	3488	-5152	-18	-209	40	-15888	2400	2144	24	708	-25	123	114	7
-9780	-2592	13216	354	-44	-89	-15128	1240	-5304	-502	-2252	503	-16136	-928	8	843	6078	770	-9320	3240	12696	8	39	-14	-15208	3000	-4728	14	-184	41	-15832	2400	2240	-5	671	-22	118	113	7
-9696	-2676	13192	293	-40	-148	-15176	1880	-4988	-698	-2188	492	-16056	-816	32	879	5554	793	-9408	3464	12792	9	34	-9	-15320	3560	-4688	67	-175	40	-15968	2768	1600	41	620	-12	117	117	7
-9700	-2768	13208	290	-3	-143	-15468	1748	-4716	-584	-2152	333	-16264	-1228	108	880	5154	711	-9424	3512	12800	-7	17	-26	-15208	4032	-5520	-21	-188	26	-16032	3064	672	-48	609	16	110	116	7
-9724	-2476	13256	232	-27	-190	-15304	1924	-4596	-1020	-1959	250	-16300	-772	60	992	4809	815	-9312	3424	12560	-10	10	-16	-15480	2992	-5144	35	-177	30	-16280	2944	216	11	624	16	119	117	7
-9776	-2660	13232	235	-38	-194	-15352	1852	-4428	-1189	-1697	137	-16260	-596	96	697	4461	683	-9384	3360	12776	-7	9	-10	-15696	3544	-4936	57	-199	19	-16280	3144	1352	-132	606	8	122	129	7
-9716	-2768	13284	110	39	-227	-15360	1688	-4140	-1205	-1458	82	-15948	-1048	-32	685	4282	598	-9440	3664	12648	-10	10	-17	-15752	3472	-4632	47	-192	18	-16256	2952	376	-218	611	-5	122	124	7
-9744	-2720	13396	118	-19	-204	-15404	1500	-4136	-1141	-1274	-2	-16164	-1624	-248	144	3705	573	-9432	3376	12808	-12	4	-20	-15576	3376	-4704	2	-178	16	-16120	2192	1312	-211	538	-26	117	128	7
-9712	-2688	13204	204	-23	-210	-15460	1564	-4144	-723	-1087	87	-16056	-1852	-296	516	3460	599	-9344	3544	12736	-7	6	-21	-15528	3208	-4288	15	-154	11	-16048	2200	1016	-167	491	-44	120	127	7
-9716	-2756	13240	243	-13	-121	-15564	1348	-4108	-172	-936	91	-16364	-1956	-1248	927	3304	538	-9256	3504	12648	-7	8	-21	-15656	3120	-4192	19	-159	13	-16216	2376	960	-189	427	-29	123	147	7
-9708	-2716	13408	286	-20	-78	-15700	1516	-4780	275	-959	72	-16224	-1416	-2028	1415	3069	300	-9448	3584	12648	-14	13	-28	-15624	3568	-4744	-16	-124	31	-16040	2176	216	-105	409	-34	118	153	7
-9792	-2568	13356	192	-17	-103	-15472	1932	-4828	-110	-1077	88	-15988	-944	-2128	1361	2975	443	-9192	3280	12792	-7	21	-30	-15704	3072	-4688	-12	-104	26	-16248	2376	80	-51	370	-36	125	144	7
-9780	-2648	13272	169	12	-108	-15652	1680	-5012	-142	-1161	62	-16100	-784	-2336	741	3278	273	-9344	3440	12696	-5	19	-29	-15600	3464	-4512	27	-113	23	-16192	2448	-680	-27	372	-33	127	137	7
-9752	-2756	13352	134	40	-151	-15668	1948	-4792	-423	-1266	-48	-16212	-744	-2620	517	3261	372	-9496	3416	12896	1	16	-27	-15696	3440	-5032	29	-135	33	-16136	2096	-1120	-86	374	-17	120	135	7
-9760	-2596	13256	66	130	-205	-15544	1928	-4752	-655	-1356	-95	-16140	-852	-2096	683	2826	358	-9416	3408	12736	0	24	-23	-15656	2992	-5144	44	-135	27	-16144	2328	-776	-64	349	-19	130	125	7
-9768	-2596	13236	38	159	-227	-15516	1760	-4396	-705	-1313	-110	-15852	-1060	-2360	409	2727	304	-9320	3368	12576	4	23	-24	-15688	3400	-4624	73	-154	33	-16112	2776	-608	-41	350	-45	127	127	7
-9796	-2780	13256	24	151	-211	-15596	1532	-4288	-623	-1273	-199	-15908	-1416	-2644	479	2769	396	-9440	3408	12560	-1	18	-19	-15688	3488	-4488	15	-157	32	-15960	2400	-360	-49	330	-35	125	130	7
-9824	-2564	13268	40	74	-231	-15640	1460	-4648	-602	-1417	-182	-15772	-1604	-2728	20	2772	462	-9416	3536	12864	2	20	-23	-15712	3384	-4248	16	-131	21	-16136	2592	-376	-76	297	-13	128	128	7
-9772	-2788	13296	-4	151	-230	-15720	1760	-4128	-907	-1473	-47	-16208	-1828	-2348	654	2416	389	-9512	3408	12584	3	22	-26	-16000	3456	-4272	-1	-124	26	-16224	2608	0	-105	283	-8	128	133	8
-9736	-2748	13384	-44	195	-251	-15600	1584	-3624	-739	-1459	-173	-16224	-1928	-1604	1305	2212	317	-9248	3408	12696	6	15	-30	-15512	3208	-4024	-3	-100	29	-16152	2416	360	-129	256	-13	130	125	8
-9816	-2756	13164	2	60	-208	-15608	1416	-3460	-291	-1122	-113	-16104	-1344	-1436	930	2057	353	-9384	3552	12560	5	24	-31	-15656	3504	-3552	6	-78	24	-16160	2696	-304	-101	243	-14	127	125	8
-9708	-2772	13164	49	71	-175	-15564	1540	-3292	139	-911	-68	-16256	-1192	-1460	663	1543	377	-9264	3464	12720	1	27	-30	-15536	3608	-3616	-33	-51	28	-16240	2360	304	-110	207	-11	127	127	8
-9804	-2692	13208	112	77	-160	-15488	1728	-3320	214	-608	-88	-16200	-1368	-1440	850	1214	253	-9256	3424	12904	-6	24	-27	-15576	3328	-3648	-41	-12	20	-16104	2200	0	-89	172	-3	126	129	8
-9844	-2616	13148	110	64	-155	-15516	1668	-3204	27	-291	-107	-16116	-1564	-1152	489	1024	214	-9440	3536	12856	-3	26	-33	-15552	3584	-3648	-53	4	16	-16192	2536	400	-21	121	5	121	130	8
-9780	-2772	13224	110	25	-148	-15724	1384	-3088	344	25	-101	-16112	-1576	-1604	159	761	237	-9352	3400	12680	-6	27	-38	-15776	3912	-3552	-62	33	12	-16264	2408	448	-23	107	0	124	127	8
-9712	-2864	13208	126	49	-72	-15808	1384	-3204	728	306	-47	-16284	-1672	-1892	122	513	240	-9400	3424	12720	-13	20	-48	-15544	3672	-3984	-92	83	0	-16104	2432	-272	37	38	15	127	129	8
-9788	-2836	13220	130	58	-33	-15828	1504	-3684	904	410	-33	-16196	-1540	-2444	77	411	126	-9504	3464	12704	-25	13	-47	-15712	3248	-4216	-61	96	5	-16240	2384	-760	76	-19	19	125	121	8
-9812	-2732	13252	134	62	-33	-15788	1704	-4084	708	525	-17	-16028	-1320	-2996	81	280	100	-9328	3280	12648	-18	11	-49	-15640	3264	-4560	-11	83	7	-15952	2312	-1624	86	-36	14	120	121	8
-9768	-2672	13172	195	46	-68	-15492	1848	-4284	245	494	-3	-15644	-1004	-3380	124	108	175	-9304	3424	12576	-18	14	-39	-15704	3368	-4688	11	84	9	-16088	2280	-1872	68	-23	19	126	122	8
-9892	-2652	13232	234	-16	-98	-15488	1584	-4332	217	478	-26	-15612	-1176	-3384	-75	-13	207	-9432	3424	12672	-16	13	-43	-15848	3288	-5176	-14	51	16	-16080	2288	-2440	96	-11	8	127	124	8
-9832	-2792	13192	202	12	-74	-15656	1408	-4432	464	333	-5	-15688	-1444	-3756	104	-96	223	-9376	3336	12744	-15	12	-35	-15656	3176	-5328	1	33	10	-16104	2360	-2528	70	15	16	125	124	8
-9788	-2660	13144	191	9	-70	-15760	1636	-4644	440	135	-8	-15816	-1380	-3716	96	205	171	-9456	3280	12568	-13	15	-30	-15728	3184	-5144	7	0	24	-16168	2360	-2104	22	37	12	127	118	8
-9796	-2720	13096	192	37	-99	-15868	1708	-4624	149	-39	9	-15868	-1440	-3828	243	489	178	-9312	3440	12568	-2	21	-25	-15856	3296	-4712	32	-23	34	-16216	2336	-1960	3	46	6	127	129	8
-9720	-2724	13296	156	7	-119	-15784	1736	-4512	-22	-214	-51	-15884	-1364	-3720	266	611	203	-9328	3448	12864	0	20	-24	-15672	3296	-4776	27	-45	30	-16120	2416	-1432	-9	74	8	129	122	8
-9848	-2720	13168	135	41	-132	-15644	1704	-4372	-95	-312	-41	-15812	-1348	-3656	276	555	230	-9328	3448	12976	-3	22	-23	-15544	3344	-4432	20	-39	31	-16168	2424	-1000	-17	58	4	125	127	8
-9824	-2684	13244	130	34	-180	-15624	1608	-4276	44	-402	-29	-15808	-1388	-3240	570	497	300	-9536	3640	12856	2	26	-23	-15656	3560	-4184	10	-30	30	-16328	2408	-928	-21	55	9	120	125	8
-9828	-2708	13240	95	-22	-177	-15680	1552	-3908	7	-406	41	-15880	-1500	-3044	615	424	253	-9456	3520	12800	-2	20	-28	-15712	3400	-4000	-3	-21	31	-16216	2592	-672	27	9	22	126	124	8
-9808	-2764	13116	128	-27	-171	-15652	1428	-3944	76	-345	40	-15820	-1496	-2832	219	559	277	-9264	3424	12560	-5	23	-29	-15544	3272	-4064	-20	-8	17	-15960	2424	-712	44	-7	23	124	122	8
-9796	-2716	13180	123	-25	-175	-15792	1476	-3752	69	-311	36	-15980	-1352	-2856	96	294	308	-9304	3400	12672	-5	22	-32	-15752	3504	-4296	-6	9	24	-16128	2416	-768	91	-16	12	125	128	8
-9780	-2692	13256	106	-60	-122	-15816	1612	-3716	14	-231	50	-16024	-1432	-2776	210	68	192	-9424	3592	12640	-6	22	-34	-15704	3552	-4472	-8	2	26	-16296	2616	-1224	103	-19	15	126	123	8
-9832	-2720	13204	127	87	-83	-15776	1640	-3876	231	-167	42	-16072	-1296	-2840	140	46	231	-9384	3488	12712	-6	23	-34	-15648	3376	-4792	-13	4	21	-16024	2408	-1536	108	-25	14	125	125	8
-9836	-2740	13336	117	9	-143	-15756	1692	-3908	198	-110	63	-16016	-1120	-2660	64	-67	199	-9440	3376	12800	-9	19	-35	-15920	3344	-4488	19	-10	16	-16152	2680	-1592	88	-18	17	128	124	8
-9792	-2796	13240	133	22	-84	-15644	1612	-3948	186	-33	68	-15896	-1228	-3072	-116	7	150	-9408	3560	12792	-9	24	-35	-15624	3344	-4712	16	-20	24	-16176	2576	-1536	58	2	10	127	125	8
-9788	-2676	13236	172	3	-86	-15640	1744	-4036	40	-12	32	-15868	-1068	-2900	-471	-188	214	-9416	3408	12576	-7	24	-28	-15552	3440	-4608	2	-21	22	-16080	2248	-1608	34	-8	8	124	123	8
-9880	-2660	13204	185	45	-133	-15600	1692	-4084	6	64	12	-15776	-1224	-3204	-233	-207	124	-9456	3544	12632	-5	22	-29	-15672	3488	-4648	-11	-37	26	-16128	2784	-1536	29	7	7	125	129	8
-9864	-2776	13128	182	-67	-148	-15672	1592	-4184	81	-17	22	-15808	-1340	-3264	-226	-159	126	-9376	3496	12624	-2	21	-28	-15768	3512	-4848	-4	-30	25	-15944	2488	-1144	3	35	20	123	126	8
-9856	-2688	13084	175	-44	-143	-15724	1660	-4168	29	-55	59	-15864	-1380	-3264	61	-213	170	-9352	3632	12616	-5	17	-23	-15648	3288	-4408	6	-36	22	-16040	2544	-1336	-15	31	5	126	125	8
-9732	-2704	13192	178	-63	-132	-15652	1636	-4268	-3	-68	-11	-15904	-1432	-3192	67	-120	178	-9512	3536	12632	-5	19	-23	-15760	3496	-4624	-2	-46	33	-16104	2520	-1088	-16	33	8	126	127	8
-9848	-2656	13288	181	6	-128	-15744	1620	-4228	15	-93	41	-15896	-1288	-3020	111	-76	230	-9360	3440	12624	-3	21	-24	-15568	3456	-4392	6	-31	23	-16192	2432	-664	-2	24	4	123	126	8
-9724	-2604	13232	201	-13	-134	-15632	1736	-3964	-87	-94	25	-15892	-1096	-2884	112	-171	246	-9472	3528	12448	-3	26	-21	-15760	3448	-4056	41	-28	30	-16192	2568	-672	38	6	0	126	124	8
-9808	-2672	13152	211	-11	-132	-15700	1676	-3952	-194	17	-22	-15972	-992	-2656	-230	-288	237	-9336	3496	12632	-6	25	-31	-15648	3552	-4392	44	-18	34	-16168	2000	-680	59	-29	5	124	123	8
-9792	-2812	13228	212	30	-146	-15704	1616	-3712	-319	133	-38	-16024	-1204	-2756	-350	-480	225	-9552	3392	12584	-10	29	-23	-15552	3448	-4416	53	-2	31	-16088	2128	-544	51	-36	9	125	127	8
-9776	-2728	13340	238	-36	-122	-15812	1596	-3912	-108	150	-2	-16016	-1512	-2748	-543	-367	182	-9440	3480	12944	-11	26	-28	-15672	3488	-4400	74	3	33	-16232	2728	-816	109	-42	9	124	129	8
-9748	-2692	13176	300	-44	-90	-15692	1740	-3996	-102	140	-16	-15912	-1552	-3080	-151	-303	103	-9488	3536	12752	-8	29	-30	-15688	3456	-4232	76	17	29	-16280	2656	-680	101	-50	9	124	127	8
-9760	-2688	13220	246	-32	-96	-15720	1648	-4056	24	143	-38	-15780	-1360	-3304	198	-150	161	-9560	3480	12504	-8	26	-33	-15712	3488	-4424	71	18	32	-16072	2608	-1248	76	-47	3	126	128	8
-9804	-2664	13216	245	-90	-64	-15700	1648	-4184	233	86	-31	-15916	-1316	-3092	341	-100	214	-9464	3440	12456	-2	25	-26	-15736	3432	-4520	69	12	24	-16040	2528	-1520	71	-24	2	126	125	8
-9800	-2728	13204	241	-75	-129	-15684	1736	-4200	151	8	9	-15884	-1168	-3340	384	-113	224	-9432	3480	12792	5	29	-24	-15704	3312	-4496	62	1	25	-16144	2616	-1776	39	-6	1	126	125	8
-9816	-2708	13260	227	-55	-153	-15588	1636	-4132	-5	36	-23	-15812	-1076	-3232	168	-43	174	-9640	3496	12640	-1	26	-25	-15616	3448	-4808	40	-7	28	-16040	2408	-1376	38	1	-2	127	125	8
-9856	-2692	13288	256	-89	-150	-15600	1696	-4120	5	12	-59	-15868	-1124	-3040	90	-41	160	-9344	3464	12680	0	25	-29	-15736	3448	-4632	42	-16	25	-15936	2488	-1168	29	6	-2	126	126	8
-9812	-2700	13268	215	-65	-132	-15796	1664	-4020	56	22	-4	-15876	-1340	-3176	73	-7	124	-9480	3496	12600	-6	20	-26	-15760	3664	-4752	37	-20	22	-16048	2704	-1216	37	3	-1	125	123	8
-9864	-2692	13232	193	-74	-136	-15692	1628	-4168	80	-22	-46	-15852	-1160	-3216	-13	-88	110	-9416	3512	12528	-5	20	-28	-15592	3632	-4192	13	-14	19	-16224	2808	-1176	18	8	2	126	127	8
-9736	-2640	13208	221	16	-149	-15740	1732	-4144	48	-27	-56	-16004	-1284	-3140	99	-99	150	-9264	3392	12808	-9	15	-31	-15784	3624	-4400	6	-9	16	-16112	2448	-928	5	-16	3	127	127	8
-9804	-2640	13260	218	-58	-170	-15688	1720	-4160	-6	-47	-86	-15952	-1268	-3148	46	39	149	-9440	3464	12320	-15	17	-27	-15640	3408	-4432	15	-13	11	-16216	2616	-896	28	-5	-2	127	126	8
-9756	-2676	13248	175	6	-138	-15684	1628	-4016	-45	-60	-88	-15880	-1212	-3100	126	43	161	-9384	3448	12728	-6	19	-31	-15824	3512	-4424	10	-4	10	-16160	2616	-1168	12	3	-2	127	124	8
-9844	-2712	13256	213	-3	-122	-15732	1652	-4036	-74	-50	-127	-15976	-1176	-3128	18	1	177	-9480	3464	12696	-9	15	-29	-15760	3472	-4496	-5	0	10	-16072	2384	-1176	26	8	-2	125	128	8
-9800	-2716	13276	135	-9	-152	-15708	1692	-4048	-135	-61	-86	-15820	-1256	-3040	-49	-82	160	-9408	3480	12696	-8	18	-33	-15712	3424	-4528	-9	6	6	-16160	2440	-1184	17	5	3	127	123	8
-9860	-2656	13248	145	4	-170	-15684	1612	-4040	-210	-11	-71	-15872	-1304	-3036	-245	-65	142	-9440	3480	12760	-8	20	-29	-15640	3656	-4664	-7	2	14	-16352	2424	-1200	40	4	-5	126	127	8
-9796	-2652	13228	148	26	-169	-15696	1620	-4080	-137	-98	-107	-16016	-1284	-3052	-178	6	98	-9464	3368	12584	-9	14	-30	-15768	3392	-4488	-4	1	13	-16096	2328	-1000	33	5	-4	127	123	8
-9792	-2644	13312	150	42	-150	-15612	1696	-4104	-106	-67	-117	-15912	-1300	-3164	-120	-2	98	-9464	3528	12528	-8	16	-35	-15568	3456	-4240	6	0	10	-16160	2712	-888	31	6	-3	125	123	8
-9816	-2688	13256	172	26	-168	-15656	1696	-4088	-72	-94	-70	-15864	-1360	-3016	-153	-67	124	-9408	3304	12552	-10	13	-33	-15560	3592	-4328	-3	-1	7	-15992	2600	-1144	11	-7	-8	127	125	8
-9712	-2700	13240	133	-3	-140	-15712	1680	-4088	-90	-60	-116	-15968	-1220	-3092	44	13	133	-9456	3496	12688	-10	15	-30	-15672	3408	-4320	-15	7	5	-16072	2480	-1224	-1	-3	-6	125	126	8
-9816	-2744	13296	107	21	-164	-15620	1700	-4084	-141	-72	-85	-15864	-1260	-3148	-132	-28	135	-9520	3504	12608	-14	15	-30	-15672	3320	-4464	7	2	9	-16208	2560	-1312	13	-4	-7	126	127	8
-9816	-2712	13340	118	7	-141	-15672	1636	-4076	-163	-72	-97	-15804	-1244	-3120	-103	-126	119	-9472	3536	12600	-9	13	-26	-15744	3424	-4464	11	-9	7	-16096	2424	-1264	24	-3	-8	126	129	8
-9864	-2704	13148	131	-5	-189	-15652	1520	-4000	-98	-100	-76	-15864	-1332	-3120	-37	-150	121	-9352	3488	12536	-7	14	-29	-15672	3376	-4416	6	-7	13	-16208	2408	-1120	24	2	-4	127	127	8
-9836	-2660	13268	159	-17	-126	-15672	1612	-3956	-104	-64	-64	-15956	-1376	-2992	-53	-50	60	-9488	3464	12728	-13	17	-28	-15728	3440	-4432	6	-8	10	-16136	2504	-976	22	-7	-1	127	126	8
-9816	-2640	13244	115	-13	-164	-15728	1680	-4160	-103	-66	-107	-15904	-1276	-2940	-32	-100	89	-9360	3496	12632	-12	16	-29	-15704	3392	-4176	-5	-1	10	-16208	2432	-936	33	-4	0	127	129	8
-9784	-2720	13220	118	19	-172	-15776	1596	-3996	-25	-3	-104	-16000	-1228	-3048	-149	-101	115	-9504	3432	12800	-14	15	-32	-15608	3368	-4312	-8	7	10	-16112	2552	-944	27	-6	-2	126	127	8
-9784	-2680	13280	141	56	-135	-15748	1596	-3980	39	-26	-38	-15836	-1464	-3060	-213	-34	136	-9424	3520	12632	-10	15	-35	-15640	3576	-4576	-9	-3	13	-16248	2440	-1200	33	-18	-3	126	127	8
-9804	-2712	13136	126	-1	-159	-15756	1640	-4172	32	-90	-97	-15932	-1364	-3108	-14	-95	134	-9352	3368	12512	-7	17	-30	-15744	3408	-4584	-2	5	10	-16160	2336	-1312	29	-15	2	126	127	8
-9756	-2712	13300	99	6	-145	-15672	1644	-4148	7	-80	-50	-15864	-1308	-3264	91	19	102	-9400	3544	12680	-8	18	-30	-15768	3328	-4440	4	6	10	-16136	2488	-1000	33	-8	-2	126	126	8
-9776	-2640	13232	120	41	-129	-15672	1588	-4164	-2	-53	-81	-15784	-1128	-3160	17	-45	150	-9416	3536	12576	-11	23	-34	-15608	3464	-4248	12	-1	11	-16120	2416	-1216	33	-16	-2	127	126	8
-9816	-2644	13260	107	49	-162	-15628	1652	-4104	-90	-90	-44	-15800	-1252	-3132	-118	-46	138	-9424	3408	12104	-5	19	-28	-15696	3280	-4712	-5	-3	14	-16008	2424	-1168	27	-9	0	127	128	8
-9824	-2736	13188	124	1	-157	-15652	1612	-3964	-73	-92	-38	-15828	-1436	-3140	-194	-47	128	-9472	3384	12696	-8	22	-28	-15664	3360	-4592	-15	-3	17	-16000	2488	-936	21	-4	0	126	130	8
-9848	-2728	13164	125	-7	-160	-15572	1632	-3944	-73	-62	-52	-15868	-1404	-2756	-19	-148	134	-9512	3512	12680	-14	22	-30	-15616	3392	-4432	-14	-3	9	-16168	2624	-1224	36	0	-2	124	127	8
-9800	-2796	13284	142	-8	-169	-15684	1688	-3892	56	-54	-44	-15960	-1384	-3096	191	-188	99	-9464	3456	12808	-10	18	-34	-15640	3424	-4384	-11	-6	14	-16000	2352	-1352	31	-1	0	127	128	8
-9788	-2676	13160	147	44	-149	-15784	1620	-4080	129	-19	-69	-15976	-1344	-3024	191	-151	94	-9472	3336	12896	-11	20	-30	-15632	3432	-4504	2	2	15	-16200	2544	-1472	31	-4	-5	126	129	8
-9788	-2676	13216	124	49	-143	-15772	1644	-4304	41	-40	-34	-15880	-1188	-3044	126	-92	145	-9464	3448	12648	-11	20	-32	-15696	3424	-4776	17	-8	14	-16280	2456	-1400	17	2	0	127	128	8
-9784	-2728	13328	102	-4	-151	-15656	1604	-4044	-46	-48	-67	-15824	-1232	-3212	-110	11	102	-9488	3448	12584	-9	19	-31	-15784	3552	-4528	7	-9	15	-16264	2288	-904	10	-8	-3	127	129	8
-9792	-2648	13260	150	-52	-139	-15732	1504	-3956	-10	-27	-43	-15756	-1224	-3204	-217	-55	119	-9456	3504	12560	-11	28	-31	-15736	3560	-4400	-7	-7	13	-16072	2448	-1112	25	-4	-5	124	129	8
-9796	-2720	13204	128	42	-147	-15528	1628	-4064	-65	-20	-58	-15828	-1380	-3096	-167	-132	150	-9560	3496	12544	-11	19	-31	-15528	3456	-4536	-4	-3	13	-15960	2376	-928	42	-10	-2	124	128	8
-9748	-2748	13236	118	6	-151	-15656	1588	-3972	-29	-16	-55	-15888	-1320	-3016	58	-113	109	-9344	3504	12616	-14	20	-28	-15696	3480	-4416	14	-4	13	-16040	2312	-1088	71	-5	-4	127	127	8
-9772	-2724	13296	133	33	-180	-15756	1636	-4208	52	-53	-51	-15864	-1328	-3192	101	-77	121	-9408	3480	12552	-12	15	-31	-15688	3464	-4520	23	-9	13	-16176	2480	-1216	57	-18	6	127	128	8
-9800	-2648	13292	147	75	-161	-15652	1628	-4060	61	-66	-50	-15828	-1396	-3100	102	-54	141	-9464	3600	12616	-12	18	-28	-15688	3648	-4568	-8	-4	13	-16096	2664	-992	48	-23	-3	128	127	8
-9760	-2688	13196	120	14	-173	-15628	1568	-4156	53	-90	-61	-15844	-1332	-3280	192	7	198	-9472	3368	12800	-12	16	-33	-15632	3432	-4600	-11	1	8	-16144	2672	-1080	22	-8	1	125	130	8
-9848	-2680	13296	140	-37	-140	-15704	1572	-4000	77	-91	-55	-15952	-1404	-3112	162	-34	167	-9640	3440	12528	-9	13	-27	-15760	3296	-4488	-2	4	11	-16064	2256	-1224	2	-8	-1	127	124	8
-9832	-2636	13256	104	-16	-175	-15680	1652	-3908	39	-108	-32	-15884	-1364	-3164	306	-76	129	-9512	3552	12624	-5	18	-33	-15648	3288	-4352	12	-2	14	-16160	2408	-992	21	-17	-6	128	128	8
-9760	-2668	13196	128	14	-138	-15688	1616	-3864	26	-92	-104	-15868	-1180	-3052	188	-90	151	-9560	3464	12680	-12	18	-26	-15768	3304	-4584	12	-1	17	-16264	2248	-1080	29	-6	-1	127	126	8
-9792	-2668	13368	161	-31	-153	-15632	1580	-4028	-4	-46	-54	-15812	-1224	-3032	28	-106	168	-9536	3512	12704	-6	20	-29	-15664	3408	-4592	8	0	9	-16112	2400	-1104	49	-8	-3	127	127	8
-9820	-2684	13316	132	-25	-155	-15696	1588	-3976	-42	-29	-55	-15896	-1300	-3100	-81	-134	129	-9568	3640	12488	-8	14	-33	-15752	3464	-4312	3	-4	17	-16232	2416	-1232	34	-6	3	124	128	8
-9824	-2716	13096	127	-6	-154	-15728	1560	-3924	-38	-63	-54	-15876	-1416	-3076	37	-76	146	-9480	3552	12624	-11	17	-32	-15808	3496	-4384	9	-4	13	-16064	2576	-1192	36	-3	6	127	126	8
-9820	-2700	13136	117	-19	-172	-15728	1576	-3912	-24	-62	-35	-16000	-1392	-3224	-33	-104	137	-9552	3440	12552	-14	15	-28	-15400	3320	-4544	20	-11	15	-16120	2608	-1112	23	-1	0	127	129	8
-9848	-2752	13264	131	11	-153	-15696	1640	-3988	-38	-46	-7	-15792	-1320	-3176	-4	-165	145	-9560	3480	12720	-9	14	-29	-15728	3352	-4312	12	-5	14	-16216	2384	-1008	18	-8	-1	127	128	8
-9824	-2644	13196	112	26	-137	-15664	1488	-4024	-76	-15	-34	-15828	-1360	-3040	-64	-107	139	-9472	3520	12560	-14	15	-32	-15704	3464	-4464	1	-3	13	-16168	2416	-856	19	-11	-1	128	128	8
-9776	-2688	13196	161	-26	-127	-15692	1572	-4016	62	-44	-14	-15828	-1380	-3088	-31	-111	153	-9400	3520	12584	-12	12	-32	-15600	3440	-4592	-6	-2	11	-16240	2352	-1032	15	-10	7	128	126	8
-9752	-2648	13208	120	27	-137	-15760	1696	-4108	24	4	-17	-15888	-1380	-3208	63	-138	165	-9432	3520	12624	-11	16	-28	-15560	3320	-4488	18	-5	17	-16200	2232	-1224	25	-17	1	127	125	8
-9796	-2668	13224	144	-27	-146	-15728	1536	-4112	8	-35	-22	-15852	-1276	-3260	116	-117	146	-9520	3520	12608	-12	15	-29	-15688	3560	-4352	11	-9	16	-16192	2640	-1320	29	-13	1	129	128	8
-9788	-2664	13324	114	31	-153	-15748	1664	-4068	-11	-111	-21	-15860	-1288	-3220	152	-113	175	-9464	3600	12448	-9	19	-28	-15696	3456	-4480	-16	-1	18	-16264	2376	-1104	12	-21	7	127	125	8
-9808	-2636	13256	127	-3	-156	-15716	1664	-4032	25	-115	-27	-15892	-1268	-3168	44	-87	143	-9536	3440	12512	-13	9	-29	-15640	3360	-4296	-15	2	15	-16232	2600	-1072	30	-21	7	127	128	8
-9840	-2732	13212	159	-29	-169	-15736	1580	-3980	-30	-55	-52	-15884	-1328	-3104	17	-155	191	-9552	3488	12520	-8	19	-32	-15728	3472	-4520	-9	-4	13	-16328	2408	-960	20	-19	5	128	127	8
