#Activity	sitting standing_up standing 
#ActivityID	5 7 8 
#Date 08-18-11-53
acc_rf_x	acc_rf_y	acc_rf_z	gyro_rf_x	gyro_rf_y	gyro_rf_z	acc_rs_x	acc_rs_y	acc_rs_z	gyro_rs_x	gyro_rs_y	gyro_rs_z	acc_rt_x	acc_rt_y	acc_rt_z	gyro_rt_x	gyro_rt_y	gyro_rt_z	acc_lf_x	acc_lf_y	acc_lf_z	gyro_lf_x	gyro_lf_y	gyro_lf_z	acc_ls_x	acc_ls_y	acc_ls_z	gyro_ls_x	gyro_ls_y	gyro_ls_z	acc_lt_x	acc_lt_y	acc_lt_z	gyro_lt_x	gyro_lt_y	gyro_lt_z	EMG_r	EMG_l	act
-9508	-3024	13288	150	56	-93	-14968	784	-6308	-32	-14	-98	-3024	-1868	16500	-9	-136	192	-9224	3776	12632	-8	15	-29	-14992	3952	-6152	8	-1	17	-2888	1616	16592	26	-1	4	125	126	5
-9552	-2952	13312	112	28	-144	-14892	828	-6400	-10	-23	-23	-2972	-1888	16376	9	-51	183	-9408	3752	12808	-8	19	-30	-14928	3936	-6240	11	1	19	-2888	1584	16560	25	-2	3	125	126	5
-9524	-3036	13416	151	25	-105	-15004	840	-6408	-120	-48	-56	-3000	-1976	16536	-17	-103	201	-9288	3648	12688	-15	14	-29	-15080	4056	-6256	9	-4	20	-2832	1704	16832	27	-2	3	125	126	5
-9520	-3040	13360	172	27	-124	-15000	720	-6340	-111	-80	-51	-3080	-1956	16396	48	-109	177	-9264	3640	12736	-14	14	-27	-14936	4152	-6080	4	-10	16	-3096	1728	16904	25	4	3	126	127	5
-9564	-2976	13368	128	-8	-156	-15012	648	-6276	-38	-37	-6	-2996	-1960	16412	59	-125	155	-9184	3816	12544	-7	11	-27	-14944	4056	-6312	9	-2	16	-2896	1584	16360	24	2	2	126	127	5
-9608	-3068	13352	145	-21	-138	-14928	796	-6360	-16	-10	-21	-3012	-1872	16424	73	-106	130	-9368	3720	13008	-11	12	-26	-14928	4136	-6272	5	-6	13	-2792	1424	16496	25	1	5	125	127	5
-9520	-3052	13396	143	-55	-128	-15040	788	-6320	-124	-63	5	-2996	-1848	16628	25	-99	103	-9224	3608	12568	-16	10	-29	-15008	3936	-6384	5	-5	15	-2848	1576	16864	23	-2	2	125	127	5
-9556	-3024	13424	137	-5	-129	-14940	836	-6300	-42	-41	-22	-2932	-1764	16424	30	-103	91	-9416	3816	12768	-11	14	-26	-15112	3960	-5984	6	-13	15	-2984	1544	16784	15	1	6	126	126	5
-9552	-2984	13400	111	-12	-130	-14992	844	-6440	-49	-51	-13	-2924	-1768	16356	5	-74	134	-9144	3720	12656	-10	13	-26	-15000	3928	-6272	6	-7	15	-2760	1672	16888	23	1	6	125	126	5
-9500	-2984	13388	146	-59	-137	-14928	860	-6324	-53	-69	-21	-2852	-1836	16460	-26	-114	188	-9232	3688	12904	-14	16	-28	-14920	3960	-6184	12	-6	15	-2856	1488	16888	22	0	-1	126	126	5
-9484	-3004	13392	155	-31	-129	-15024	756	-6228	-18	-45	-46	-2944	-1856	16416	60	-133	163	-9184	3696	12792	-13	13	-29	-15072	3968	-6328	10	-8	14	-2824	1416	16736	22	2	1	125	126	5
-9556	-3016	13380	136	-12	-126	-15016	764	-6424	37	-35	2	-2908	-1844	16488	55	-90	155	-9160	3776	12920	-7	12	-25	-14976	3896	-6016	14	-5	13	-2640	1568	16624	26	-2	6	125	125	5
-9596	-2972	13376	135	2	-91	-14996	804	-6392	52	-19	-27	-2948	-1852	16484	23	-111	132	-9304	3712	12912	-13	15	-27	-14920	3944	-6040	8	-6	18	-2888	1544	16744	31	-5	4	125	125	5
-9544	-3020	13448	117	14	-151	-14988	804	-6408	-7	7	-85	-2904	-1780	16400	30	-122	158	-9336	3592	12840	-3	14	-30	-14904	3840	-6248	-2	-6	18	-2808	1656	16792	28	0	4	125	125	5
-9544	-2960	13424	111	-15	-124	-14932	744	-6396	-16	-22	-38	-2908	-1904	16408	43	-116	164	-9312	3616	12688	-10	19	-24	-15024	3952	-6112	-3	-3	16	-2864	1544	16488	21	-2	1	125	125	5
-9544	-2960	13332	126	28	-186	-15000	808	-6308	-11	-23	-34	-2936	-1820	16480	40	-110	171	-9344	3864	12736	-10	14	-29	-14896	4104	-6256	8	2	17	-2800	1496	16728	20	-2	1	125	126	5
-9524	-2996	13340	119	-47	-158	-14984	732	-6332	-18	-5	-63	-2912	-1808	16440	-9	-123	216	-9304	3632	12680	-8	18	-27	-14992	4000	-6368	12	-6	19	-2960	1592	16952	21	1	3	125	126	5
-9528	-3068	13344	127	-22	-99	-15020	768	-6240	-29	11	-70	-2936	-1812	16508	4	-79	160	-9280	3736	12800	-9	14	-27	-14984	4088	-6024	13	-11	15	-2904	1656	16680	28	2	7	125	127	5
-9524	-2968	13396	184	-28	-135	-14964	736	-6404	60	19	-36	-2948	-1920	16508	36	-115	174	-9136	3744	12656	-15	16	-24	-14928	4024	-6224	11	0	16	-2808	1696	16864	24	-3	3	125	127	5
-9604	-3012	13400	146	-29	-154	-15012	728	-6448	57	-39	-7	-2928	-1948	16392	12	-116	168	-9280	3680	12712	-9	13	-24	-14928	3968	-6128	11	0	14	-2768	1496	16792	23	5	2	125	127	5
-9464	-2964	13316	158	-63	-118	-15092	744	-6244	23	-77	-18	-2932	-1884	16520	44	-128	150	-9224	3768	12632	-13	14	-27	-15040	3888	-6360	7	-10	15	-2808	1688	16784	24	-1	7	125	128	5
-9536	-2996	13184	131	-20	-173	-15008	784	-6368	3	-2	-68	-2936	-1912	16500	22	-70	142	-9184	3616	12704	-12	12	-23	-15008	3960	-6224	6	-6	13	-2824	1568	16760	25	4	7	125	129	5
-9504	-3032	13368	133	0	-140	-15016	768	-6304	-33	8	-31	-2908	-1952	16576	17	-110	169	-9216	3704	12560	-13	18	-28	-14736	4040	-6200	8	-4	12	-2912	1512	16592	27	3	1	125	130	5
-9560	-2992	13504	132	8	-120	-14976	800	-6364	-58	-52	-5	-2908	-1880	16552	4	-113	163	-9120	3744	12808	-11	14	-30	-14872	4088	-6136	8	-3	16	-2992	1600	16712	18	-3	9	125	129	5
-9556	-3008	13276	147	-33	-121	-14996	752	-6264	-38	-68	-44	-2996	-1852	16372	13	-125	162	-9136	3744	12912	-8	14	-33	-14856	4000	-6208	8	-5	12	-2800	1608	16728	22	3	6	125	129	5
-9564	-3012	13380	125	31	-138	-14936	760	-6440	46	-44	-14	-2980	-1952	16488	60	-94	157	-9296	3704	12800	-7	16	-28	-14968	3912	-6016	12	-10	9	-2744	1576	16704	24	1	8	125	129	5
-9512	-2996	13308	141	-54	-124	-14968	780	-6312	31	-74	-8	-2924	-1844	16408	45	-115	115	-9128	3712	12856	-13	12	-30	-14888	4048	-6184	10	-6	9	-2888	1672	16600	25	-1	8	125	130	5
-9512	-2992	13368	162	10	-150	-15008	768	-6248	2	-39	-47	-2948	-1872	16536	47	-132	136	-9224	3640	12688	-10	13	-29	-14960	4184	-6280	4	-3	12	-2880	1560	16912	21	-1	8	125	128	5
-9556	-2988	13400	169	-5	-152	-14976	800	-6388	10	-6	-43	-2964	-1832	16496	8	-113	181	-9344	3544	12576	-11	17	-23	-14968	4072	-5960	3	-5	12	-2808	1720	16864	22	-3	4	125	127	5
-9504	-2968	13340	127	33	-149	-15020	700	-6384	15	-8	-18	-2980	-1836	16468	1	-130	164	-9272	3696	12680	-14	14	-28	-14744	4024	-5984	12	-4	11	-2904	1584	16760	19	1	4	125	126	5
-9524	-3020	13420	123	-9	-140	-15004	740	-6340	37	-44	-16	-2920	-1816	16464	1	-135	135	-9288	3792	12744	-12	14	-26	-14912	4104	-6304	16	-7	12	-2880	1464	16736	19	-2	3	125	125	5
-9592	-3040	13368	125	24	-141	-15028	892	-6440	-7	-68	-31	-3000	-1800	16556	14	-96	153	-9272	3792	12776	-9	14	-30	-15008	3904	-6288	7	-8	13	-2776	1616	16744	18	-2	2	125	126	5
-9532	-2964	13396	109	-18	-155	-14928	748	-6288	-23	9	-46	-2872	-1844	16448	3	-120	134	-9248	3736	12520	-11	17	-28	-15032	4008	-6080	8	-9	11	-2896	1512	16912	21	3	1	125	126	5
-9588	-3004	13376	106	-22	-158	-14932	760	-6360	-8	-78	-61	-2884	-1880	16524	5	-128	171	-9248	3712	12888	-11	17	-30	-14976	4040	-5944	7	-6	16	-2864	1592	16744	25	1	3	125	126	5
-9512	-2984	13460	106	-2	-159	-15004	780	-6340	-40	-35	-64	-2908	-1932	16456	-38	-142	165	-9176	3688	12888	-9	14	-26	-14896	3928	-5928	6	-3	17	-2824	1448	16792	24	0	1	125	127	5
-9532	-3060	13284	127	-25	-133	-15028	716	-6376	5	-46	-49	-2936	-1888	16424	23	-89	169	-9256	3584	12776	-10	16	-27	-14936	3984	-6080	7	-3	16	-2792	1560	16912	24	3	3	125	127	5
-9476	-3076	13344	147	63	-189	-15028	784	-6248	-22	30	-66	-2928	-1860	16500	11	-117	203	-9272	3768	12744	-12	12	-31	-15032	4112	-6128	9	-3	12	-2864	1544	16712	24	-1	4	125	127	5
-9520	-3032	13320	142	-18	-144	-14996	744	-6308	-13	-24	-43	-2908	-1908	16404	58	-102	194	-9264	3760	12680	-6	17	-32	-14960	4024	-6224	9	-2	14	-2784	1552	16776	24	1	4	125	126	5
-9508	-2928	13440	148	34	-127	-14976	756	-6232	32	-53	-54	-2964	-1888	16504	70	-123	179	-9256	3528	12616	-11	14	-25	-14976	4080	-6224	6	-7	16	-2792	1656	16840	19	4	6	125	125	5
-9528	-3036	13316	154	-26	-150	-15076	824	-6332	-21	-17	-76	-2916	-1792	16488	31	-138	177	-9192	3720	12928	-11	15	-28	-15080	4032	-6360	6	-3	16	-2888	1456	16720	19	-1	5	125	124	5
-9560	-3008	13388	143	43	-123	-15060	784	-6372	-14	-3	-16	-2948	-1860	16436	9	-130	159	-9272	3696	12856	-9	16	-29	-15064	3880	-6320	10	-6	16	-2960	1576	16672	23	-2	2	125	125	5
-9488	-3032	13396	126	16	-144	-15048	752	-6344	-45	-33	-68	-2960	-1900	16440	20	-135	148	-9120	3656	13008	-7	13	-29	-14952	4056	-6360	12	0	18	-2992	1544	16736	23	1	2	125	125	5
-9544	-2960	13368	163	-34	-132	-15020	704	-6480	-13	-24	-28	-3000	-1880	16420	71	-114	168	-9248	3544	12768	-9	16	-24	-14848	4016	-5920	9	-6	16	-2920	1536	17056	21	-2	2	125	126	5
-9544	-3032	13356	99	-38	-134	-14952	736	-6436	37	-55	-35	-2928	-1836	16404	34	-98	174	-9200	3840	12912	-9	17	-30	-14888	4016	-6232	12	-5	16	-2808	1488	16864	20	-2	0	125	127	5
-9488	-3032	13464	120	-12	-152	-14992	804	-6276	16	10	-11	-2996	-1836	16508	27	-120	155	-9288	3720	12792	-6	17	-26	-15136	4040	-5920	14	-3	18	-3048	1552	16776	24	2	3	125	127	5
-9540	-3000	13424	154	-20	-134	-14968	756	-6364	24	-8	-63	-3032	-1868	16496	1	-130	136	-9296	3680	12784	-7	12	-28	-14880	4080	-6176	9	-11	17	-2960	1624	16832	28	-2	2	125	128	5
-9472	-3096	13336	103	41	-136	-14976	676	-6392	93	-11	-53	-2944	-1892	16484	-17	-97	177	-9168	3720	12456	-8	9	-29	-14840	3968	-6192	1	-9	20	-2992	1512	16720	23	-3	3	125	128	5
-9604	-3008	13336	162	-23	-124	-14992	780	-6316	50	-41	-14	-2996	-1908	16500	1	-139	165	-9344	3832	12600	-6	14	-29	-14872	3920	-6152	11	-8	17	-2792	1576	16776	24	0	4	125	128	5
-9600	-2996	13292	132	4	-126	-15052	868	-6368	-84	-57	-54	-2912	-1872	16544	55	-155	185	-9352	3704	12584	-3	11	-27	-15000	3960	-6256	8	-12	16	-2904	1376	16792	27	2	5	125	127	5
-9560	-2984	13444	133	27	-135	-15020	784	-6216	-23	-52	-25	-2912	-1852	16508	68	-100	164	-9264	3792	12680	-9	15	-20	-15072	4016	-6136	12	-7	14	-2800	1560	16616	30	1	3	125	128	5
-9572	-2964	13400	157	3	-155	-14988	736	-6392	-24	-51	-35	-2880	-1876	16456	37	-80	171	-9216	3664	12808	-10	14	-32	-15072	3920	-6144	7	-12	16	-2736	1528	16600	29	0	-1	125	128	5
-9528	-2952	13436	115	-68	-142	-15008	696	-6336	36	-19	-9	-2844	-1860	16340	11	-89	136	-9272	3664	12768	-7	16	-26	-14872	3880	-6032	10	-6	19	-2744	1552	16760	23	-2	-2	125	128	5
-9516	-3076	13408	130	-30	-108	-15024	728	-6300	68	52	17	-2916	-1888	16396	11	-120	106	-9120	3632	12928	-10	18	-27	-14896	3888	-6248	16	-9	15	-2760	1408	16728	18	3	-3	125	128	5
-9576	-3044	13356	154	-2	-127	-15000	784	-6400	91	-12	-53	-2912	-1832	16456	-58	-149	152	-9152	3656	12776	-11	19	-27	-14864	4072	-6104	15	-3	18	-2960	1656	16912	14	1	0	125	128	5
-9544	-3024	13388	135	51	-139	-14976	844	-6344	25	-8	-72	-2964	-1824	16492	23	-93	158	-9152	3688	12864	-9	20	-34	-14912	4128	-6216	9	-1	19	-2984	1552	16656	19	0	3	125	128	5
-9520	-3024	13372	130	0	-135	-14944	832	-6220	13	47	-25	-2904	-1860	16376	18	-100	153	-9096	3728	12624	-8	22	-27	-14976	4008	-6136	1	0	15	-2888	1624	16688	19	-1	-2	125	127	5
-9532	-2996	13324	179	15	-116	-15008	744	-6348	53	60	-75	-2976	-1868	16456	40	-127	165	-9168	3680	12744	-13	15	-25	-14848	3912	-6128	2	4	10	-2968	1672	16648	22	1	2	126	127	5
-9552	-3052	13472	171	31	-133	-14996	748	-6412	76	42	-51	-3024	-1860	16460	23	-93	210	-9184	3736	12912	-15	12	-28	-14952	4144	-5912	9	0	16	-2992	1656	16864	24	3	8	125	126	5
-9556	-2968	13384	126	22	-128	-15000	704	-6356	-5	11	-42	-3040	-1860	16464	4	-113	178	-9408	3568	12808	-17	13	-32	-14952	4048	-6040	14	-3	15	-2968	1448	16848	28	0	9	125	126	5
-9552	-3028	13504	123	-35	-120	-14980	756	-6344	50	2	-38	-3036	-1928	16428	31	-107	169	-9272	3728	12768	-10	13	-33	-14944	4024	-6128	10	-4	12	-2936	1608	16896	26	1	10	125	127	5
-9624	-3004	13340	158	32	-122	-14964	764	-6308	-18	1	-50	-2996	-1976	16444	4	-109	167	-9192	3736	12768	-11	15	-29	-14840	4088	-6360	9	-11	14	-2888	1528	16944	26	0	10	125	127	5
-9600	-2968	13412	163	-68	-112	-14992	748	-6448	7	-89	-18	-2976	-1992	16560	6	-113	199	-9304	3656	12792	-12	15	-30	-14920	4248	-6328	4	-6	6	-2984	1728	17032	24	3	10	125	127	5
-9572	-3024	13368	140	-26	-160	-14988	756	-6348	-13	-48	-60	-3048	-1912	16432	51	-104	169	-9192	3720	12848	-12	15	-27	-14888	3968	-6232	2	-9	17	-2912	1584	16816	24	1	7	125	127	5
-9552	-3012	13372	155	-39	-135	-15012	760	-6408	-49	-89	-4	-3000	-1916	16456	38	-123	160	-9216	3600	12736	-9	12	-29	-14904	3864	-6088	6	-10	18	-2744	1552	16608	20	-1	6	125	127	5
-9496	-3052	13408	154	-7	-128	-15040	756	-6156	4	-65	-12	-2916	-1840	16460	50	-67	182	-9360	3712	12720	-9	11	-26	-14904	3920	-6136	16	-11	13	-2912	1384	16680	21	-1	5	125	127	5
-9452	-3008	13388	135	0	-157	-15004	840	-6284	-6	-85	1	-2880	-1780	16420	30	-112	171	-9120	3744	12656	-12	9	-28	-14912	3840	-6056	14	-15	18	-2936	1496	16680	30	0	3	125	127	5
-9496	-3012	13348	126	-17	-147	-14984	736	-6284	-36	-23	-5	-2820	-1760	16396	28	-131	159	-9232	3640	12840	-9	12	-27	-14872	3872	-6472	11	-8	17	-2696	1552	16912	30	-2	4	125	127	5
-9544	-2996	13388	115	19	-109	-15008	796	-6352	-16	-29	-31	-2844	-1876	16508	28	-137	142	-9288	3752	12672	-9	20	-25	-14920	3904	-6064	7	-6	14	-2904	1512	16704	26	1	3	125	127	5
-9544	-3068	13376	143	-41	-127	-14960	736	-6308	49	-14	-36	-2940	-1884	16508	5	-122	160	-9152	3800	12688	-8	16	-26	-14744	4096	-6256	1	-10	16	-2808	1568	16704	22	-2	-1	125	127	5
-9540	-2956	13416	112	84	-145	-15084	848	-6376	25	10	-32	-2976	-1840	16428	18	-112	145	-9264	3808	12544	-10	14	-28	-14944	4088	-6112	7	-3	15	-2784	1528	17032	20	-7	-1	125	127	5
-9540	-3056	13376	126	0	-141	-14972	800	-6392	12	43	-45	-2940	-1800	16504	4	-127	159	-9200	3736	12688	-7	13	-24	-14976	3984	-6272	14	-7	17	-2944	1584	16624	28	-2	-2	125	127	5
-9540	-2996	13436	127	31	-145	-15024	740	-6400	-37	23	-12	-2948	-1872	16436	65	-88	173	-9112	3792	12712	-9	14	-24	-15008	4112	-6240	13	-7	19	-2928	1568	16744	25	1	0	125	127	5
-9500	-3012	13484	153	-26	-111	-14940	764	-6340	-8	-3	-46	-2940	-1904	16544	36	-109	159	-9304	3688	12760	-11	17	-26	-15000	3952	-6272	11	-4	23	-2808	1752	16912	24	-1	1	125	127	5
-9488	-3004	13296	144	-3	-110	-15020	784	-6360	-47	4	-14	-2928	-1820	16412	41	-86	178	-9328	3792	12776	-7	15	-26	-14864	4032	-6320	5	0	16	-2808	1680	16712	18	2	0	126	127	5
-9556	-3004	13312	156	5	-114	-15000	776	-6352	1	26	-54	-2916	-1796	16444	26	-104	134	-9280	3816	12856	-13	13	-32	-14920	4032	-6384	0	-1	15	-2824	1736	16480	21	0	1	125	127	5
-9504	-2960	13268	146	13	-122	-15052	788	-6384	18	-10	-60	-3012	-1820	16404	-2	-121	153	-9264	3776	12880	-12	16	-25	-14992	4000	-6032	3	-1	12	-2960	1536	16840	23	1	2	125	127	5
-9564	-2960	13316	154	8	-143	-14976	796	-6384	49	-27	-95	-2988	-1880	16424	-54	-135	146	-9248	3688	12712	-14	18	-24	-14912	3992	-5960	13	-5	12	-2928	1672	16648	23	-5	-1	125	127	5
-9612	-2972	13572	140	-27	-144	-14984	756	-6252	35	-23	-49	-3056	-1832	16428	27	-150	148	-9288	3776	12872	-8	17	-22	-14944	4128	-6056	18	-9	14	-2912	1544	16720	19	1	1	125	127	5
-9516	-3048	13336	134	46	-133	-14996	740	-6344	8	-31	-13	-2964	-1872	16392	24	-134	144	-9184	3656	12864	-12	13	-30	-14944	3968	-5896	8	-7	12	-2872	1584	16824	20	-4	2	126	127	5
-9540	-3060	13420	149	-8	-124	-14944	756	-6352	25	-42	-12	-2888	-1836	16548	67	-99	148	-9184	3656	12736	-12	15	-29	-14848	4152	-6280	10	-12	12	-2968	1464	16760	20	1	2	125	127	5
-9528	-3012	13392	172	18	-129	-14988	804	-6348	17	-19	-25	-2960	-1876	16412	-2	-110	125	-9400	3808	12648	-13	13	-27	-14984	3896	-6104	8	-9	15	-2856	1344	16768	24	-4	3	125	127	5
-9584	-3020	13412	99	-23	-172	-14956	752	-6440	4	-60	-61	-2940	-1844	16496	-9	-128	178	-9288	3648	12744	-8	14	-24	-14968	4088	-6032	10	-8	13	-2864	1560	16544	26	-2	3	125	127	5
-9568	-2980	13340	115	-8	-171	-14956	708	-6240	-3	-1	-26	-2948	-1852	16496	15	-138	170	-9064	3768	12568	-10	16	-27	-15088	4000	-6192	0	-11	15	-3024	1600	16888	26	2	4	125	127	5
-9484	-3028	13436	161	-19	-91	-15020	776	-6348	39	-65	2	-2880	-1820	16504	14	-146	143	-9224	3664	12824	-9	14	-28	-15008	4048	-6056	1	-9	12	-2904	1592	16448	26	-4	5	126	127	5
-9524	-3008	13428	136	5	-92	-14992	776	-6348	45	-42	-15	-2992	-1864	16628	5	-129	154	-9312	3712	12672	-11	15	-29	-15024	4064	-6200	14	-14	14	-2760	1584	16912	26	-3	1	125	127	5
-9528	-3008	13356	129	2	-119	-15024	736	-6184	12	-61	-27	-2968	-1936	16480	14	-109	163	-9240	3792	13008	-5	13	-29	-14984	3968	-6200	7	-6	16	-2880	1456	16624	22	-7	4	125	127	5
-9512	-3012	13364	92	-11	-125	-14956	732	-6352	-18	-71	-11	-2972	-1896	16328	4	-152	155	-9136	3736	12736	-7	14	-29	-14992	4048	-6160	7	-11	16	-2824	1720	16744	23	3	5	125	127	5
-9548	-2948	13372	133	1	-150	-15040	760	-6344	-14	-56	-48	-2896	-1820	16428	20	-142	168	-9304	3704	12552	-10	13	-31	-15032	3872	-5984	9	-12	17	-2752	1552	16688	24	0	8	125	126	5
-9556	-3008	13276	154	-55	-165	-15124	744	-6344	12	22	-39	-2876	-1936	16464	19	-124	167	-9248	3528	12768	-9	11	-23	-14928	4152	-6152	-2	-8	16	-2864	1552	16816	27	0	6	125	126	5
-9548	-2900	13400	149	5	-93	-15056	740	-6184	48	-44	-50	-2916	-1884	16520	54	-106	162	-9256	3800	12856	-7	13	-26	-14912	4080	-6048	-10	-6	16	-2800	1544	16744	24	1	5	125	126	5
-9528	-2952	13396	174	20	-106	-14944	756	-6208	70	-11	-30	-2900	-1852	16472	24	-107	178	-9200	3696	12648	-10	14	-32	-15008	4040	-6192	-3	0	11	-3024	1496	16760	22	3	11	125	126	5
-9508	-3044	13456	150	-13	-98	-15024	820	-6276	45	-64	6	-2960	-1920	16456	56	-123	159	-9336	3736	12680	-10	15	-27	-14880	3920	-6312	0	-3	12	-2760	1624	16768	27	2	7	125	126	5
-9484	-3028	13348	132	-26	-106	-15020	692	-6364	-8	-4	-24	-2964	-1832	16512	46	-108	177	-9264	3696	12456	-6	15	-28	-14952	3944	-6232	3	-14	15	-2816	1544	16952	24	-2	5	126	126	5
-9568	-3012	13444	148	-22	-126	-14960	756	-6324	19	-13	-15	-2996	-1924	16460	28	-124	159	-9224	3664	12680	5	11	-31	-14968	3920	-6272	-6	-14	18	-3016	1536	16776	21	-2	6	125	126	5
-9492	-3040	13412	151	14	-126	-15100	764	-6328	-31	-40	-1	-2980	-1908	16516	17	-128	167	-9152	3656	12536	4	9	-26	-14944	4224	-6032	-10	-13	11	-2960	1792	16848	25	3	8	125	126	5
-9520	-3048	13336	146	2	-155	-15000	700	-6320	23	-20	4	-3008	-1948	16520	10	-132	129	-9240	3760	12544	9	10	-22	-14936	4184	-6184	-45	-21	12	-3136	1864	16456	28	-4	8	125	126	5
-9516	-3072	13380	148	48	-134	-15060	676	-6372	49	-92	53	-3132	-2024	16396	1	-204	59	-9448	3864	12688	27	3	-22	-14792	4104	-6232	-67	-21	9	-3128	1736	16616	31	-1	13	125	123	5
-9532	-3044	13372	120	18	-80	-15132	504	-6424	148	-124	78	-3328	-2180	16328	-61	-273	-18	-9264	3760	12576	51	-17	-11	-14672	4000	-6456	-96	-13	-1	-3112	1864	16896	25	-2	13	125	118	5
-9596	-3028	13456	121	-22	-88	-15080	512	-6628	306	-229	211	-3392	-2356	16308	-100	-358	-140	-9288	3648	12528	57	-29	0	-14960	4032	-6328	-69	-5	6	-3088	1816	16888	7	-10	21	126	116	5
-9696	-2884	13348	68	-35	-128	-15092	752	-6748	279	-337	282	-3420	-2272	16448	13	-339	-245	-9224	3608	12720	50	-26	-2	-15168	4024	-6416	-44	-22	-3	-3264	1864	17072	8	-6	23	125	115	5
-9596	-3004	13420	119	-135	-146	-14900	756	-6672	274	-363	318	-3068	-1996	16348	234	-342	-283	-9048	3864	12736	28	-15	-7	-15296	4104	-6304	-15	-32	-14	-3400	1832	16960	2	-10	34	125	113	5
-9548	-2956	13388	82	-188	-180	-14940	964	-6312	-16	-398	289	-3016	-1692	16532	239	-375	-271	-9120	3752	12568	25	-7	-8	-14984	4064	-6184	-37	-40	-12	-3272	1552	17128	-1	-12	42	125	112	5
-9532	-3036	13384	71	-117	-168	-14968	952	-6384	-187	-411	262	-2840	-1692	16688	143	-305	-250	-9088	3864	12888	39	-10	-2	-14944	4016	-6200	-71	-46	-19	-3008	1648	16504	-1	-22	63	124	105	5
-9480	-3204	13412	-26	-108	-214	-15312	840	-6324	-332	-417	215	-3132	-1856	16612	-69	-337	-236	-9328	3704	12904	42	-16	-3	-14856	3832	-6128	-37	-51	-18	-2856	1336	16496	-13	-1	61	123	105	5
-9456	-3004	13356	-15	-43	-166	-15224	768	-6320	21	-465	169	-3276	-2060	16532	57	-326	-361	-9312	4072	12912	64	-35	18	-14696	4120	-6360	-50	-45	-12	-2904	1248	16616	22	-2	55	124	96	5
-9656	-2740	13376	-49	-25	-172	-14884	624	-6336	249	-590	220	-3052	-1804	16476	445	-355	-404	-9168	3984	12648	71	-53	34	-14904	3872	-6216	-79	-35	-2	-2776	1328	16600	34	-11	50	124	92	5
-9428	-3020	13276	-59	-102	-217	-14860	884	-6432	452	-658	241	-2760	-1544	16352	348	-168	-339	-9272	4000	12800	69	-55	39	-15184	3640	-5816	-77	-27	10	-2744	1040	16792	29	-18	32	124	126	5
-9552	-2888	13488	-76	-127	-295	-14932	1072	-6132	387	-619	202	-2832	-1468	16432	205	-266	-242	-9160	4080	13144	85	-43	41	-15208	3656	-5728	-35	-37	28	-2552	1016	17128	5	-9	-2	123	128	5
-9416	-3092	13356	-91	-87	-272	-15068	1188	-6232	404	-652	40	-2808	-1340	16584	-57	-413	13	-8904	3840	12632	83	-36	47	-14888	3760	-6080	-9	-26	40	-2680	920	16776	4	-9	-20	125	129	8
-9588	-3000	13332	-112	-51	-301	-15052	1164	-6100	-121	-664	-21	-2508	-1364	16476	-59	-255	251	-9072	3768	12752	73	-26	46	-15024	3616	-5720	-7	-26	55	-2584	1080	17032	23	2	-27	123	141	8
-9432	-3004	13408	-198	-87	-383	-15016	1120	-5904	-208	-498	-94	-2484	-1328	16512	-79	-137	234	-9016	4024	12952	69	-24	37	-14984	4072	-5472	-2	-26	60	-2656	1016	16656	49	-3	-26	121	130	8
-9396	-3256	13332	-195	-32	-309	-15044	916	-5948	-78	-442	-183	-2428	-1544	16452	-309	-248	278	-9368	4064	12840	75	-40	49	-14864	3936	-5768	-36	-15	73	-2472	1024	16816	81	-1	-33	122	147	8
-9460	-2960	13364	-124	-71	-302	-14984	840	-5796	19	-360	-308	-2404	-1560	16324	-388	-273	306	-9144	4072	12696	96	-50	77	-14824	3752	-5832	-32	9	78	-2200	1224	16672	107	0	-31	126	96	8
-9372	-3196	13380	-79	-25	-286	-14980	976	-5780	-33	-270	-359	-2224	-1816	16232	-347	-222	545	-8968	3912	13032	95	-57	67	-15184	3800	-5584	22	5	90	-2216	1352	16880	95	8	-28	125	89	8
-9440	-3128	13372	-33	-23	-240	-15140	1008	-5668	-10	-175	-407	-2124	-1900	16464	-152	-111	708	-8784	4136	12672	90	-46	62	-14984	3984	-5728	58	11	89	-2528	1408	16800	84	14	-39	125	79	8
-9412	-3164	13220	16	60	-173	-15100	960	-5752	-157	-45	-476	-2068	-1672	16436	75	95	754	-8864	4384	12896	82	-35	44	-14960	4328	-5568	24	22	95	-2408	1544	16680	84	15	-53	123	58	8
-9500	-3072	13280	46	28	-154	-14916	756	-5852	129	95	-484	-2060	-1712	16368	216	428	828	-8584	4016	12296	76	-28	32	-14888	4176	-5776	2	37	95	-2256	1656	16648	70	43	-58	117	67	8
-9436	-3096	13308	89	-19	-216	-14964	792	-5708	190	280	-469	-2064	-1864	16480	546	700	728	-8792	4408	12712	47	-17	13	-15136	4312	-5616	16	43	101	-2328	1848	17056	50	64	-53	122	86	8
-9440	-3292	13392	105	108	-119	-15228	636	-5792	308	310	-428	-2240	-1976	16512	41	753	778	-9064	4536	13088	46	0	7	-14928	4360	-5744	-1	45	96	-2344	1712	16336	70	71	-57	121	75	8
-9264	-3068	13196	166	41	-75	-15212	600	-5908	414	391	-465	-2360	-2016	16460	-104	901	865	-9064	4264	13040	60	-26	21	-14608	4232	-5712	-16	69	98	-2000	1736	16688	51	94	-72	128	69	8
-9788	-3208	13652	107	2	-72	-14900	640	-5900	350	552	-482	-2336	-1680	16380	-31	1085	820	-8816	4096	12864	64	-37	24	-14848	4240	-5896	37	94	98	-1880	1600	16816	24	121	-65	121	95	8
-9276	-3104	13244	115	32	-22	-14892	668	-5756	-26	675	-449	-2328	-1844	16444	-1136	1115	691	-8600	4408	12392	56	-26	7	-15080	4240	-5568	75	104	95	-1848	1296	17208	49	153	-42	117	108	8
-9516	-3320	13404	208	-14	38	-15052	608	-5720	89	748	-398	-2416	-1812	16768	-2102	1238	721	-8520	4712	12552	27	5	-14	-14896	4264	-5016	84	118	111	-1976	1528	16680	135	177	-63	128	79	8
-9448	-3232	13360	386	5	130	-15020	604	-5924	36	762	-443	-2412	-1904	16784	-1894	1961	661	-8256	4640	12616	-16	44	-61	-14800	4432	-5232	102	130	121	-1840	1440	17248	173	218	-86	134	81	8
-9784	-3060	13124	313	42	193	-15004	464	-5912	90	872	-465	-2572	-1936	16212	-2165	1677	555	-9000	4344	12680	-33	72	-78	-14776	4568	-5808	81	152	116	-1856	1872	16416	246	225	-62	123	79	8
-9456	-2912	13320	421	-62	188	-14836	420	-5904	-69	1044	-430	-2584	-2276	15684	-2151	1481	279	-8728	4008	12864	-28	59	-77	-14608	4224	-5432	121	165	106	-1928	2520	16280	204	207	-74	119	88	8
-9448	-3168	13464	502	-114	304	-14932	320	-5620	-270	1138	-260	-2656	-2588	16984	-820	1615	-226	-8856	4512	12640	-42	65	-78	-14696	4984	-5600	85	214	96	-2296	2080	17120	172	271	-38	123	99	8
-9596	-3344	13296	414	-150	324	-15072	228	-6232	329	1219	-343	-2768	-2772	16636	-591	2266	12	-8944	4656	12840	-68	66	-99	-14648	4968	-6184	4	217	95	-2944	2808	16352	169	307	-16	130	96	8
-9584	-2660	13492	222	-298	175	-14956	788	-6592	-56	1413	-227	-2776	-3108	16512	-835	2037	264	-8936	4256	12768	-81	55	-106	-14464	4664	-6560	-45	253	74	-3176	2848	16624	148	298	-6	128	102	8
-9440	-3200	13404	124	-302	89	-14924	648	-6280	-535	1712	-54	-3260	-2744	16048	-679	2323	274	-9000	4232	12768	-93	62	-108	-14696	4656	-6368	24	241	56	-3304	3312	16656	123	369	7	111	108	8
-9484	-3192	13340	243	-382	120	-14876	-232	-6308	93	1707	-9	-3404	-1952	16372	-722	2216	-422	-8856	4336	12824	-101	62	-120	-14616	4736	-6416	39	242	55	-3184	3384	16624	95	386	12	119	110	8
-9796	-3164	13576	112	-450	79	-14976	256	-6416	1174	1623	110	-3304	-2788	16040	-925	2463	-759	-9152	4416	12760	-91	50	-114	-14288	5288	-6632	119	227	0	-3344	3576	16352	67	390	64	110	111	8
-9384	-3044	13456	111	-543	146	-14988	812	-6152	780	1628	89	-3464	-2020	16448	-1454	2446	-430	-9216	4296	12760	-95	34	-109	-14232	5200	-6984	43	252	-35	-3544	4024	16672	102	422	67	129	123	8
-9364	-3264	13296	191	-456	243	-14840	824	-6712	517	1765	-60	-3464	-1960	16332	-1837	2822	-487	-9032	4192	12888	-93	24	-106	-14488	4848	-7000	26	254	-77	-3712	3280	16608	42	437	67	121	118	8
-9476	-2724	13480	252	-456	194	-14540	864	-7208	542	1866	-102	-3644	-1936	16268	-1396	2993	-584	-9144	4104	12864	-103	25	-103	-14528	4304	-6864	46	250	-91	-3552	2896	16680	-27	499	77	143	98	8
-9224	-2552	13404	123	-382	40	-14732	1224	-6960	262	1815	-150	-4084	-1728	16440	-1732	3613	-661	-8880	4032	12704	-102	27	-99	-14640	3696	-6576	209	244	-97	-3312	2480	16272	-57	524	26	134	121	8
-9336	-3044	13524	54	-244	28	-14852	1044	-7096	293	1735	-304	-4220	-1456	16260	-1658	3929	-468	-9152	3992	13008	-91	21	-100	-14160	4480	-6880	271	248	-108	-3352	2160	16448	-58	508	5	127	109	8
-9696	-2832	13480	-244	-279	-207	-14604	1020	-7456	81	1934	-472	-4032	-1648	15980	-1990	4092	-297	-9176	4064	13040	-94	16	-91	-14240	4416	-6968	167	287	-112	-3960	2168	16264	-67	560	12	90	126	8
-9348	-2940	13404	-305	-350	-250	-14460	1108	-6928	-133	2035	-680	-4096	-1248	16340	-1939	4220	-221	-8960	3872	12736	-77	-2	-83	-14000	4440	-6784	89	310	-127	-3880	1816	16240	-10	579	33	152	132	8
-9048	-2792	13392	-290	-73	-198	-14700	1596	-7176	368	1840	-1113	-4228	-1436	16400	-2593	4157	138	-8984	3728	12856	-98	6	-97	-14504	4008	-7176	78	312	-121	-4840	944	16184	84	597	26	113	112	8
-9272	-2828	13568	-514	144	-255	-14536	1504	-7956	-191	1818	-1423	-4776	-2444	16176	-2378	4437	808	-9168	3952	12648	-92	7	-108	-14328	3608	-7768	110	299	-114	-5392	1488	16256	175	616	10	116	122	8
-9364	-2736	13416	-598	317	-390	-14464	940	-7580	-1015	1731	-1473	-4844	-3316	15968	-2079	4651	1328	-9104	3872	12800	-70	-1	-91	-14184	3304	-8176	161	304	-108	-5824	1328	16184	133	662	12	138	116	8
-9324	-3252	13544	-553	437	-292	-14804	152	-7456	-729	1529	-1573	-5024	-3828	16044	-2025	4896	1567	-8888	3736	12920	-52	-10	-81	-14184	3520	-7984	155	287	-92	-6512	1016	16048	150	677	-10	117	110	8
-9524	-3384	13728	-574	500	-337	-14312	-356	-7668	-517	1608	-1405	-5516	-4272	15272	-1779	5329	1737	-9088	3800	13120	-49	-12	-53	-14192	3328	-8384	103	282	-64	-6912	1240	16184	197	718	-32	116	132	8
-9536	-3004	13212	-769	164	-510	-14836	-292	-7080	16	1458	-1213	-5736	-4588	15376	-1189	5539	1457	-9224	3816	13040	-26	-3	-49	-14440	3584	-8456	130	237	-43	-7104	2080	15904	205	733	-37	117	130	8
-9312	-3444	13272	-335	283	-313	-14756	-248	-7256	261	1475	-1026	-5924	-4664	15436	-470	5969	1234	-9056	3904	12960	-18	-4	-44	-14256	3752	-8304	127	223	-38	-6960	2504	15984	180	740	-61	136	143	8
-9212	-3224	13296	-126	286	-183	-14568	-208	-7600	59	1562	-807	-5944	-4484	15452	-975	6374	1174	-8888	3896	12928	-25	5	-40	-14368	3632	-8272	102	189	-31	-7360	2256	15936	118	783	-105	115	138	8
-9648	-3556	13548	-55	279	-178	-14520	-448	-7728	-504	1605	-493	-6452	-4332	15172	-1144	6598	889	-8984	3712	13096	-25	18	-41	-14336	3192	-8896	87	155	-13	-7792	1552	15496	120	828	-123	132	109	8
-9216	-3288	13216	245	198	-79	-14528	-468	-7400	-770	1602	-226	-6700	-4100	15168	-1101	6831	669	-8960	3760	12872	-10	12	-37	-14168	3120	-8728	153	127	-2	-8760	1608	15416	172	828	-119	123	131	8
-9172	-3236	13268	657	432	193	-14792	-48	-8120	13	1301	-91	-7156	-4060	15500	-1307	7304	600	-9072	3640	12672	-32	19	-30	-14088	3760	-8760	172	83	4	-8512	2000	15688	210	839	-123	144	137	8
-9524	-2960	13292	814	553	284	-14436	372	-8624	-419	1180	-39	-7876	-4460	14672	-1302	7660	487	-8816	3776	12800	-43	14	-33	-14232	3376	-8504	115	68	24	-8768	2384	15152	202	857	-134	117	127	8
-9536	-3120	13368	874	392	166	-14348	-508	-8028	-760	1020	57	-8288	-4516	14300	-1026	7658	558	-8920	3712	12848	-59	18	-41	-14056	3624	-8456	122	13	17	-9104	2624	15112	197	872	-141	123	122	8
-9540	-3444	13428	1174	274	327	-14516	-512	-8200	562	567	206	-8612	-4532	14564	-775	7936	430	-8744	3704	12800	-84	34	-51	-14552	3736	-8152	101	-5	10	-8944	2824	15080	184	902	-130	139	93	8
-9692	-3132	13360	1221	204	325	-14284	144	-8780	802	364	409	-9220	-4176	14068	-824	7600	494	-8960	3712	12872	-102	33	-61	-14112	3848	-8904	72	-30	10	-8960	2408	14776	224	918	-118	130	130	8
-9492	-3028	13276	1385	107	309	-14344	424	-8672	465	145	280	-9512	-3768	14104	-264	8101	832	-9000	3440	12768	-117	32	-61	-14328	3472	-8408	102	-43	-6	-9232	2992	14688	189	911	-92	130	125	8
-9424	-2932	13540	1560	184	413	-14612	524	-8484	-27	-219	155	-9836	-3356	13768	-25	8113	1160	-8856	3696	13032	-156	38	-73	-14416	3840	-8552	166	-90	-3	-9368	3072	14176	169	921	-81	146	123	8
-9604	-2824	13564	1358	84	254	-14140	36	-8588	-147	-400	69	-10052	-3040	13428	-169	8284	1137	-9136	3672	13048	-161	39	-68	-14104	3776	-8480	173	-89	-22	-9544	3448	14120	106	923	-63	121	135	8
-9476	-2944	13440	1254	109	245	-14592	176	-8180	-219	-625	68	-10100	-3252	13232	-785	7949	1048	-9184	3760	12784	-141	27	-54	-13952	3696	-8336	175	-109	-41	-9720	3576	13640	57	916	-46	131	123	8
-9580	-2764	13452	1162	134	185	-14300	264	-8320	-199	-824	62	-10296	-3672	12968	-824	7869	1139	-9128	3456	12816	-133	21	-55	-13880	3992	-8624	115	-126	-67	-9776	3264	13352	52	936	-34	141	132	8
-9592	-2924	13452	898	235	115	-14632	-20	-8312	-86	-976	276	-10504	-3948	12688	-615	7672	1109	-9040	3696	12800	-106	32	-51	-14352	3776	-7960	21	-156	-95	-10408	3232	13376	-7	931	-7	141	118	8
-9704	-2756	13468	702	146	75	-14208	-44	-8216	-231	-1132	374	-10772	-4276	12552	269	7682	1144	-9184	3504	12976	-84	32	-51	-13984	3360	-8616	23	-175	-90	-10760	2832	13200	-23	925	10	130	136	8
-9588	-2976	13572	522	84	21	-14464	176	-7884	-244	-1277	441	-10660	-4096	12260	572	7880	1178	-9184	3376	13192	-77	33	-47	-13968	3256	-8456	73	-207	-93	-10976	2216	12776	-24	923	37	150	135	8
-9724	-2780	13372	443	33	-65	-14396	248	-8040	-275	-1439	527	-10824	-4008	12120	816	7872	1223	-8848	3480	12904	-45	29	-33	-14168	3120	-8184	72	-235	-90	-10776	2232	12848	-12	903	32	116	142	8
-9564	-2868	13404	346	14	-69	-14372	308	-7540	-580	-1484	535	-10884	-3088	11964	993	7392	1405	-9104	3496	12864	-36	37	-45	-14432	3056	-8264	44	-254	-81	-11240	2520	12744	7	898	14	149	102	8
-9668	-2672	13556	357	62	7	-14624	388	-8164	53	-1794	450	-11192	-3288	11736	846	7707	1408	-9176	3288	12920	-26	25	-34	-14064	3240	-8312	1	-263	-78	-11464	2536	12216	18	899	-5	114	119	8
-9752	-2704	13416	166	-28	-95	-14544	400	-8208	-39	-1784	460	-11336	-3320	11628	433	7452	1352	-9128	3384	12864	-13	33	-29	-14624	3008	-8136	-49	-267	-76	-11896	2384	12384	11	937	-10	139	169	8
-9544	-2816	13548	127	10	-132	-14644	268	-7364	-330	-2011	558	-11500	-3184	12072	705	7596	1120	-9112	3416	12920	-8	28	-25	-14360	2784	-7928	-29	-278	-56	-11888	1992	11928	27	901	-6	139	128	8
-9512	-2916	13384	94	15	-183	-14664	448	-7568	297	-2175	506	-11684	-3216	11384	513	7887	1263	-9072	3360	12880	-3	29	-20	-14568	2920	-7872	-49	-289	-43	-11784	1736	12016	69	907	-21	126	135	8
-9576	-2564	13336	31	8	-146	-14488	732	-7372	-200	-2191	571	-11772	-3360	11292	374	8063	874	-9256	3376	12976	3	39	-20	-14688	2968	-7576	-4	-303	-32	-11944	2200	11688	69	903	-37	123	148	8
-9572	-2588	13468	43	83	-158	-14760	356	-7376	30	-2294	557	-11976	-3112	10900	123	7953	1251	-9112	3640	13040	8	44	-21	-14520	3160	-7736	-10	-321	-18	-12048	2088	11464	88	912	-74	140	141	8
-9552	-2736	13440	29	51	-170	-14632	552	-7320	-30	-2418	549	-11912	-3232	10544	-20	8054	1072	-9152	3464	12800	7	49	-16	-14608	2936	-7472	-21	-325	-7	-11896	2480	11448	61	910	-78	125	135	8
-9580	-2664	13464	35	93	-145	-14856	352	-7400	-36	-2483	675	-12424	-3588	10320	305	8067	1297	-9160	3568	13056	17	60	-22	-14744	3472	-7336	-36	-332	-9	-12704	2728	10864	102	959	-92	136	155	8
-9684	-2632	13448	14	120	-179	-14720	432	-7080	73	-2551	679	-12348	-3072	10184	836	8233	1181	-9152	3520	12808	14	48	-13	-14472	3376	-7184	-19	-333	-15	-12272	3040	10752	116	951	-88	123	151	8
-9648	-2728	13416	-5	73	-163	-14720	672	-6840	-520	-2534	810	-12452	-3060	9676	1145	8272	1214	-9336	3456	12904	15	35	-21	-14592	3216	-7320	-17	-334	-31	-12576	2864	10664	113	946	-62	142	153	8
-9660	-2700	13520	-28	58	-176	-14780	300	-6744	-450	-2510	786	-13096	-3192	9200	911	8064	1333	-9112	3568	12952	11	32	-17	-14664	3344	-6816	-1	-337	-38	-12640	2608	10352	77	948	-65	131	145	8
-9660	-2732	13352	115	-38	-139	-14888	444	-6696	-291	-2579	893	-12872	-3020	9556	908	8355	1034	-9128	3400	12768	7	21	-21	-14624	3176	-6848	-17	-339	-49	-12480	2472	9824	92	991	-68	121	142	8
-9660	-2788	13412	185	-32	-149	-14916	688	-6364	-459	-2586	975	-13456	-2976	8912	749	8050	1056	-9304	3608	12744	3	16	-14	-14920	3096	-6512	-5	-329	-56	-12656	2488	10232	65	968	-67	126	149	8
-9600	-2696	13364	264	-67	-119	-14776	556	-6592	-249	-2602	1013	-13028	-2460	8840	459	8234	774	-9184	3616	12896	-2	22	-25	-15064	3176	-6520	-14	-330	-49	-13224	2600	9784	44	963	-63	125	148	8
-9644	-2664	13308	317	-165	-118	-14900	832	-6484	-104	-2588	1030	-13628	-2500	8700	323	8182	958	-9280	3512	12704	3	20	-24	-14776	3248	-6648	-59	-315	-55	-13704	2288	9328	39	961	-97	127	149	8
-9624	-2864	13388	302	-95	-98	-15048	1088	-6476	1	-2661	919	-13632	-2236	8448	19	8169	904	-9216	3464	12816	-5	19	-24	-14976	3056	-6368	-87	-303	-53	-13648	2336	9192	25	978	-75	126	153	8
-9600	-2820	13424	282	-114	-116	-14992	908	-6184	-234	-2690	843	-13980	-2292	7648	186	8257	1098	-9032	3560	12768	-13	12	-32	-15296	2824	-6344	-74	-311	-40	-13712	2128	9032	43	973	-73	116	157	8
-9644	-2688	13392	292	-127	-145	-15024	1056	-6120	-171	-2719	793	-14016	-2048	7976	338	8515	985	-9088	3440	12896	6	28	-21	-15160	2656	-6280	-37	-317	-41	-13768	2016	8784	74	966	-87	115	152	8
-9536	-2684	13364	244	-38	-137	-15124	1328	-5912	-537	-2663	805	-14460	-2376	7436	131	8553	1126	-9248	3480	12864	3	27	-24	-15152	2880	-6464	-27	-318	-38	-14096	2184	8216	52	950	-111	124	157	8
-9596	-2564	13360	256	-109	-107	-15176	1036	-6112	-307	-2779	616	-14596	-2128	6984	79	8351	1146	-9184	3392	12792	1	25	-21	-15080	3160	-6024	-54	-317	-34	-14056	2368	8216	97	937	-89	109	159	8
-9580	-2648	13368	218	-55	-159	-15072	1188	-5652	-644	-2729	661	-14612	-1856	6952	133	8091	1219	-9272	3528	12752	7	26	-23	-15504	3016	-5608	-37	-308	-27	-14392	2264	8248	120	931	-71	117	149	8
-9600	-2612	13564	141	1	-177	-15252	1216	-5536	-596	-2775	538	-14516	-2172	6860	-68	8214	1226	-9232	3512	12920	3	20	-24	-15216	3232	-5568	-34	-304	-24	-14264	2144	7592	149	925	-62	127	148	8
-9588	-2696	13228	140	42	-182	-15148	980	-5400	-569	-2614	507	-14636	-2440	6576	-698	8266	1239	-9248	3584	12880	1	17	-24	-15168	3064	-5736	-68	-292	-30	-14312	2360	7560	160	910	-77	120	137	8
-9536	-2696	13396	128	3	-152	-15248	1040	-5260	-206	-2592	387	-14552	-2248	6636	-215	7786	1210	-9128	3656	12912	-4	17	-31	-15144	3072	-5544	-47	-277	-30	-14240	2352	7376	214	884	-97	117	143	8
-9660	-2624	13524	187	-18	-182	-15204	1380	-5092	-582	-2381	502	-14468	-2428	6572	-873	7761	978	-9104	3544	12720	-6	15	-25	-15288	3256	-5200	-65	-268	-33	-14344	2560	7120	187	845	-68	126	126	8
-9476	-2844	13296	228	-50	-161	-15292	1188	-4584	-1015	-2029	565	-14584	-2688	5964	-874	7169	917	-9224	3416	12880	-14	6	-32	-15336	3136	-5328	-77	-251	-35	-14656	2848	7200	97	867	-52	123	137	8
-9552	-2668	13336	328	-34	-116	-15284	568	-4856	-163	-1900	474	-14448	-3460	5460	-760	7407	1049	-9168	3704	12896	-14	9	-34	-15328	2984	-5272	-57	-238	-38	-14952	2544	6248	88	846	-77	110	142	8
-9572	-2712	13464	407	-149	-71	-15408	572	-4628	-66	-1862	784	-14956	-3276	4744	-570	6706	845	-9120	3384	12752	-13	8	-30	-15168	2800	-5168	-36	-228	-39	-14960	1616	6080	108	833	-73	101	143	8
-9596	-2664	13384	438	-248	-19	-15500	604	-4924	695	-1916	934	-15152	-3160	5088	2	7231	547	-9152	3528	12872	-17	8	-28	-15536	2832	-4840	29	-216	-21	-14744	2120	6584	48	867	-51	118	131	8
-9632	-2704	13320	542	-322	-10	-15516	1220	-4972	708	-1905	1050	-15392	-2992	4048	1361	7654	322	-9232	3640	12760	-30	-1	-41	-15440	3328	-5208	-64	-203	-28	-15464	2560	5376	102	900	-80	120	140	8
-9564	-2548	13420	573	-366	25	-15280	1448	-4592	430	-1755	1086	-15640	-2236	4416	1362	7699	302	-9232	3432	12928	-18	-4	-33	-15504	2768	-5184	-130	-184	-35	-15304	2088	5016	14	902	-54	126	145	8
-9432	-2600	13396	567	-272	38	-15548	1884	-4448	362	-1641	957	-15668	-1996	4308	1443	7625	325	-9176	3432	12624	-16	-1	-24	-15568	2504	-5288	-24	-175	-25	-15592	1584	4864	-49	832	-41	120	136	8
-9568	-2376	13560	497	-235	-12	-15304	1744	-4936	211	-1520	779	-15516	-1080	4196	957	7339	325	-9128	3792	12784	-23	5	-32	-15544	3216	-5416	-1	-202	-9	-15928	2352	4344	-2	883	-42	113	131	8
-9504	-2592	13436	486	-234	-6	-15528	1600	-4736	4	-1442	691	-15608	-1692	3336	306	8140	763	-9112	3528	12840	-11	4	-22	-15648	2760	-4784	-17	-182	0	-15368	2432	4768	-33	887	-32	117	127	8
-9396	-2652	13568	404	-162	-15	-15952	1360	-4772	708	-1607	400	-16076	-1692	2124	285	7608	970	-9176	3480	13112	-6	13	-24	-15984	2832	-4784	-28	-180	-7	-15672	2512	5152	-82	916	-30	114	129	8
-9504	-2460	13624	252	-51	-75	-15656	1652	-4536	441	-1540	548	-16076	-2560	2704	655	7191	966	-9112	3416	12584	-13	16	-30	-15632	3240	-4784	-16	-169	-5	-15600	2672	4520	-78	1027	9	125	115	8
-9488	-2732	13532	325	-71	-18	-15464	1272	-4584	507	-1563	551	-15892	-2736	1860	894	8003	683	-9088	3384	12640	-10	13	-31	-15536	3128	-4632	-22	-136	-13	-15616	2256	3760	22	963	-6	111	115	8
-9548	-2540	13488	310	-130	-15	-15384	1396	-4668	534	-1688	288	-15912	-1804	1940	1900	8016	870	-9104	3616	12936	-20	1	-41	-15592	3192	-4400	-64	-117	-22	-15592	2568	3840	10	870	17	117	110	8
-9464	-2576	13568	220	-82	-49	-15708	2024	-4132	290	-1465	464	-16216	-1572	2088	2511	7764	669	-9192	3352	12648	-34	-10	-42	-15360	2928	-4888	-147	-111	-31	-16048	2768	3568	-48	896	12	120	125	8
-9456	-2504	13572	231	-8	-31	-15468	2020	-4940	1131	-1488	188	-16008	-1392	1844	1418	7821	1056	-9192	3408	13120	-30	-6	-41	-15696	2552	-4688	-84	-96	-17	-15840	2384	3200	-230	914	27	122	109	8
-9272	-2168	13592	194	-20	-42	-15308	1944	-4108	-216	-1314	12	-16080	-824	1692	118	7224	1187	-9088	3440	12640	-28	0	-40	-15896	2880	-4912	-94	-109	-17	-16400	1944	2448	-269	930	32	118	118	8
-9440	-2380	13588	81	102	-102	-15780	1812	-3904	-130	-1081	-111	-16188	-1444	1196	198	7355	968	-9032	3536	13032	-18	6	-36	-15448	2792	-4384	-112	-84	-19	-16200	1424	2536	-289	838	30	103	120	8
-9536	-2340	13572	49	128	-43	-15684	1400	-4612	-24	-1134	-246	-16584	-1988	228	705	7707	943	-9048	3392	12784	-22	14	-40	-15896	2816	-4400	-131	-73	-7	-16328	1392	2464	-270	829	29	121	105	8
-9600	-2616	13424	-68	156	-155	-15832	1616	-4244	-347	-1171	-44	-16176	-2036	320	423	7028	556	-8936	3520	12904	-15	28	-32	-15672	2424	-4336	-14	-73	13	-16000	1520	2736	-90	761	-6	116	108	8
-9476	-2852	13360	9	185	-62	-15932	1068	-3832	116	-1314	-228	-15936	-2244	-160	899	6733	521	-8928	3712	12864	-9	43	-41	-15872	3152	-3768	62	-67	21	-16192	2024	2048	-4	715	-12	118	108	8
-9456	-2620	13396	40	131	-30	-15624	1268	-4024	599	-1228	-165	-16152	-1992	-444	1114	6442	685	-9096	3464	12688	-32	57	-53	-15672	3632	-4608	-75	-64	23	-16312	2352	1840	91	681	-18	130	101	8
-9516	-2308	13568	-32	185	-14	-15584	1876	-4260	308	-1240	-180	-16252	-1216	-452	1237	6231	809	-9232	3576	12904	-26	52	-55	-15880	2976	-4792	-94	-37	11	-16480	2560	464	103	687	-22	119	114	8
-9632	-2356	13408	-153	264	-168	-15532	2368	-4236	-1090	-1096	-355	-16244	-1016	-580	1010	6123	1162	-9304	3440	12784	-15	55	-61	-16088	2680	-4944	-29	-72	7	-16624	2448	480	2	680	-18	114	109	8
-9528	-2580	13520	-264	322	-172	-15828	1536	-3548	-1505	-861	-515	-16280	-1320	-612	531	5856	1094	-9136	3504	12848	-14	60	-55	-15792	3056	-4864	17	-94	4	-16432	2040	184	-117	659	-1	120	111	8
-9460	-2772	13424	-218	387	-125	-15980	912	-3400	-789	-886	-616	-16048	-2028	-584	651	5632	834	-8928	3720	12568	-15	54	-60	-15864	3104	-4592	-4	-105	12	-16424	2008	-104	-152	631	-13	126	129	8
-9388	-2672	13412	-247	467	-49	-15856	1088	-3188	221	-744	-496	-16100	-2548	-724	1120	5520	573	-9272	3216	12744	-10	55	-60	-15984	3080	-4768	-81	-99	16	-16456	2008	-184	-129	609	-32	124	137	8
-9568	-2604	13420	-211	543	1	-15776	1348	-3508	879	-716	-416	-16152	-2448	-752	1252	5486	499	-9184	3296	13024	3	65	-50	-16008	2512	-4584	-46	-93	20	-16408	1664	272	-64	628	-54	123	141	8
-9640	-2564	13364	-229	588	-3	-15760	1844	-3572	-432	-417	-415	-16132	-1164	-1464	1144	4237	424	-9232	3288	12808	12	67	-40	-15888	2616	-4224	61	-102	30	-16176	1672	80	-24	592	-59	125	129	8
-9716	-2504	13408	-203	527	-1	-15588	1440	-3852	-1033	-214	-566	-15936	-1036	-1636	301	3935	522	-9184	3424	12576	9	74	-40	-15624	2848	-4216	100	-98	44	-16008	1744	440	-10	562	-56	116	141	8
-9708	-2696	13396	-255	494	-34	-15728	1156	-3912	-817	-140	-484	-16104	-1824	-2416	-389	3927	459	-9192	3528	12784	10	74	-37	-15544	3176	-3896	63	-70	52	-16192	2096	216	39	534	-47	107	151	8
-9672	-2672	13320	-162	505	-68	-15840	1144	-3884	-331	-280	-384	-15952	-2440	-2536	-73	3928	407	-9440	3440	12672	11	65	-38	-15784	3272	-3704	30	-40	51	-16384	2024	24	62	445	-28	118	137	8
-9760	-2644	13308	-109	415	-65	-15844	1220	-3868	-166	-347	-373	-15972	-2312	-2892	304	3840	443	-9312	3576	12768	2	64	-43	-15848	3376	-3896	-2	-13	37	-16304	2040	-232	99	398	-17	124	142	8
-9732	-2640	13164	-132	462	-110	-15712	1412	-3776	-139	-465	-416	-16008	-1968	-2592	783	3183	514	-9296	3576	12776	0	47	-52	-15552	3080	-4592	-1	-9	20	-15992	2168	-648	91	380	-9	126	143	8
-9788	-2680	13368	-132	387	-130	-15568	1352	-3472	-104	-325	-319	-16064	-2024	-2348	949	2842	520	-9216	3432	12912	-1	50	-50	-15760	3016	-4344	26	-4	19	-16192	2216	-1088	79	341	-1	118	126	8
-9680	-2776	13256	-106	364	-108	-15728	928	-3464	182	-140	-306	-16044	-2052	-2720	1101	2635	398	-9336	3400	12712	-13	48	-45	-15728	2960	-4288	57	-20	18	-16264	2112	-824	69	319	4	124	135	8
-9788	-2768	13268	12	262	-82	-15816	980	-3968	390	-170	-311	-16008	-1672	-3200	1067	2336	285	-9368	3312	12768	-6	56	-38	-15800	3024	-4064	57	0	24	-16256	1864	-912	119	242	-21	125	121	8
-9864	-2560	13236	24	264	-77	-15732	1404	-4256	9	-188	-219	-15696	-1740	-3676	884	1958	228	-9256	3504	12672	-13	50	-40	-15744	3240	-4280	23	18	20	-16112	1992	-1120	126	166	-17	125	122	8
-9756	-2592	13148	-21	224	-169	-15492	1324	-3992	-424	-142	-244	-15736	-1492	-3220	684	1659	144	-9360	3376	12824	-7	45	-42	-15760	3056	-4440	17	15	23	-16032	2384	-1248	96	139	13	125	131	8
-9800	-2744	13260	29	144	-154	-15712	1108	-3616	-375	-172	-323	-15848	-1444	-3348	-104	1263	190	-9480	3456	12376	-12	38	-39	-15896	3200	-4256	60	19	16	-16152	2560	-1552	107	126	-1	127	138	8
-9772	-2712	13248	51	170	-182	-15708	1116	-4040	-274	-84	-234	-15848	-1508	-3704	-545	961	168	-9376	3456	12848	-24	27	-46	-15728	3368	-4896	-6	8	14	-16296	2104	-2088	74	126	-7	119	124	8
-9820	-2664	13292	99	97	-169	-15612	1236	-3804	-605	-98	-172	-15792	-1824	-3484	-1074	673	76	-9440	3312	12752	-16	23	-38	-15776	2432	-5072	-25	10	8	-16048	2064	-2176	9	107	-7	130	129	8
-9764	-2700	13232	120	12	-186	-15776	1124	-3864	-717	-121	-201	-15892	-2168	-3248	-1264	709	126	-9344	3448	12696	-11	26	-27	-15576	2912	-4592	24	-29	13	-16136	2240	-2040	-55	110	-15	124	140	8
-9760	-2740	13196	127	57	-188	-15720	1160	-3864	-647	-130	-163	-15952	-1936	-3364	-846	333	63	-9464	3440	12552	-4	21	-26	-15872	3216	-4696	-13	-28	19	-16120	1616	-1808	-79	82	-12	127	133	8
-9736	-2708	13320	105	27	-193	-15728	1184	-3824	-717	-90	-139	-15868	-1720	-3464	-646	89	63	-9080	3408	12760	-5	22	-28	-15672	2920	-4880	-39	-28	11	-16256	1704	-1720	-19	67	-16	128	133	8
-9844	-2724	13276	165	34	-215	-15884	1068	-3960	-566	-77	-86	-15768	-1916	-3532	-768	79	20	-9320	3512	12672	-7	19	-24	-15704	2912	-4288	34	-41	16	-16152	1960	-1320	44	49	-6	125	135	8
-9792	-2720	13316	132	23	-191	-15792	1208	-3928	-457	-199	-56	-15748	-1788	-3836	-617	-16	51	-9344	3368	12680	-7	20	-26	-15688	3088	-4560	68	-54	27	-16168	1696	-1688	55	26	-5	126	130	8
-9856	-2620	13264	141	-39	-233	-15744	1304	-3852	-569	-261	-51	-15636	-1784	-3560	-738	42	140	-9432	3280	12712	-10	19	-25	-15504	2992	-4496	41	-38	23	-15992	1832	-1456	88	3	-3	129	134	8
-9776	-2772	13204	98	-5	-219	-15760	1116	-3760	-609	-313	-56	-15664	-2180	-3632	-496	-54	216	-9384	3376	12856	-16	17	-25	-15800	2904	-4528	39	-35	17	-16032	2112	-1520	71	1	6	126	130	8
-9796	-2720	13268	112	24	-263	-15804	1052	-3840	-462	-369	7	-15780	-2044	-3704	-266	-8	182	-9432	3432	12784	-17	12	-23	-15768	3056	-4536	30	-40	20	-16112	1912	-1720	59	1	2	127	134	8
-9788	-2772	13284	156	-2	-202	-15832	1264	-3764	-434	-436	57	-15680	-1856	-3356	-168	126	187	-9488	3296	12488	-16	7	-20	-15704	3048	-4672	36	-42	25	-16224	1816	-1744	80	-2	-3	127	139	8
-9752	-2624	13144	145	-29	-253	-15752	1404	-3676	-387	-450	19	-15824	-1724	-3168	-214	197	219	-9280	3512	12696	-16	16	-16	-15880	2912	-4512	65	-60	22	-16328	2176	-1608	84	3	4	128	138	8
-9780	-2692	13300	112	-12	-245	-15788	1304	-3636	-497	-434	15	-16024	-1616	-3088	-138	101	239	-9296	3360	12760	-21	14	-25	-15888	3064	-4384	60	-61	31	-16368	1864	-1464	73	-4	4	126	130	8
-9752	-2752	13220	133	41	-248	-15996	1240	-3448	-300	-343	-2	-16036	-1824	-3100	95	-76	209	-9384	3440	12728	-11	19	-21	-15776	3064	-4112	54	-57	23	-16168	1992	-1696	109	1	8	127	129	8
-9768	-2760	13120	133	29	-180	-15756	1200	-3540	-120	-315	37	-15804	-1864	-2880	-38	33	219	-9336	3448	12704	-12	20	-27	-15912	3024	-4432	52	-61	25	-16072	1904	-1320	111	6	2	128	129	8
-9736	-2740	13184	84	31	-208	-15712	1328	-3492	-327	-248	69	-15760	-1712	-3140	-6	43	174	-9328	3144	12648	-13	16	-24	-15912	2888	-4408	69	-70	26	-16072	1848	-1256	131	21	6	125	135	8
-9816	-2692	13296	107	-27	-180	-15792	1192	-3480	-358	-188	3	-15796	-1876	-2964	-72	-118	251	-9368	3440	12600	-5	18	-20	-15728	2944	-4144	105	-66	32	-16216	2200	-1016	105	14	-1	125	141	8
-9784	-2792	13208	138	-16	-142	-15788	1120	-3440	-66	-125	108	-15768	-1812	-2904	-34	-113	275	-9168	3664	12592	-9	21	-22	-15816	3288	-4056	55	-54	36	-16176	1888	-832	81	5	0	124	137	8
-9796	-2752	13184	153	-48	-160	-15816	1328	-3368	-143	-71	73	-16000	-1636	-2968	-31	-159	197	-9360	3448	12672	-12	18	-28	-15600	2864	-4216	-6	-25	30	-16096	2032	-1432	55	0	14	125	130	8
-9804	-2784	13192	139	29	-140	-15860	1300	-3464	-72	-22	80	-15992	-1772	-2912	-70	-34	182	-9352	3432	12848	-7	13	-21	-15864	2768	-4272	27	-33	28	-15952	2160	-1368	70	18	1	127	132	8
-9732	-2744	13236	96	-21	-161	-15892	1272	-3516	-110	63	95	-15860	-1604	-3060	-47	-104	179	-9328	3608	12896	-4	16	-21	-15728	2976	-4064	74	-40	28	-16256	2208	-728	54	32	1	124	127	8
-9880	-2776	13256	158	12	-127	-15792	1268	-3520	130	68	43	-15836	-1800	-3340	-68	-209	178	-9272	3648	12584	-8	17	-22	-15696	3376	-3728	-9	-24	20	-16104	2288	-432	11	14	12	125	129	8
-9768	-2768	13284	120	7	-103	-15820	1444	-3740	124	68	60	-15768	-1536	-3276	81	-99	201	-9440	3408	12760	-15	13	-29	-15904	3064	-3992	-85	14	13	-16224	2328	-1072	0	4	16	127	135	8
-9772	-2656	13368	109	41	-168	-15852	1424	-3696	7	37	78	-15864	-1576	-3292	8	-65	216	-9448	3496	12816	-15	14	-32	-16056	2984	-3864	-69	13	15	-16328	2088	-1200	-9	6	18	130	133	8
-9808	-2672	13108	131	-3	-111	-15800	1260	-3580	19	28	23	-15852	-1824	-3348	-10	-86	251	-9272	3480	12872	-21	-4	-37	-15672	2960	-4080	-27	6	12	-16144	2208	-1280	5	4	17	126	131	8
-9756	-2752	13200	178	-28	-110	-15824	1204	-3624	103	42	49	-15728	-1832	-3404	10	-234	179	-9240	3456	12544	-30	-9	-39	-15648	3400	-4288	-79	24	10	-15984	2368	-1432	3	-3	12	124	131	8
-9764	-2660	13256	159	-10	-165	-15724	1332	-3688	99	48	93	-15792	-1720	-3228	8	-182	173	-9448	3560	12688	-25	-14	-37	-15856	3112	-4448	-153	32	7	-16128	2128	-1760	-47	4	26	126	127	8
-9776	-2716	13224	122	16	-126	-15776	1352	-3644	61	-11	56	-15844	-1528	-3224	-15	-149	149	-9424	3296	12568	-21	-14	-35	-16008	2632	-4704	-111	21	3	-16096	1856	-1992	-66	14	21	125	133	8
-9736	-2752	13252	140	-17	-130	-15820	1324	-3576	19	37	61	-15884	-1464	-3324	-181	-318	183	-9256	3408	12752	-16	-11	-29	-15976	2808	-4616	-30	-4	15	-16176	1624	-1688	-47	17	14	125	129	8
-9788	-2720	13296	156	-47	-118	-15704	1388	-3596	-114	27	80	-15704	-1520	-3348	-270	-454	98	-9296	3288	12616	-10	4	-23	-15792	3096	-4344	-13	-11	24	-16040	1984	-1456	-21	9	3	126	133	8
-9800	-2668	13152	187	-23	-129	-15736	1348	-3772	-136	45	58	-15696	-1752	-3296	-445	-426	96	-9344	3296	12848	-1	8	-25	-16024	3064	-4184	-40	-8	22	-16136	2112	-1808	-11	7	12	128	132	8
-9804	-2704	13264	106	-23	-190	-15848	1328	-3664	-19	-17	64	-15768	-1860	-3240	-301	-373	112	-9296	3400	12480	-9	12	-28	-15872	2944	-4480	-41	-12	19	-16072	2216	-1664	-5	-7	13	126	131	8
-9764	-2808	13252	101	-37	-137	-15952	1372	-3732	174	-29	56	-15780	-1884	-3216	-200	-332	133	-9416	3496	12672	-7	9	-26	-15856	3080	-4048	-16	-15	19	-16232	2144	-1400	-17	-3	13	123	131	8
-9756	-2668	13344	80	8	-150	-15744	1560	-3924	49	-73	66	-15720	-1540	-3456	174	-299	223	-9368	3304	12720	-2	12	-30	-15816	2952	-4208	-4	-19	25	-15976	1872	-1568	-4	-9	7	125	134	8
-9764	-2732	13200	145	-23	-155	-15844	1372	-3696	-143	-75	68	-15828	-1588	-3296	-13	-236	233	-9328	3264	12792	-10	17	-25	-15840	3000	-4008	-4	-11	24	-16144	2064	-1480	14	-11	10	123	127	8
-9748	-2716	13212	110	-15	-169	-15872	1252	-3752	28	-128	63	-15900	-1648	-3256	43	-193	238	-9168	3440	12760	-12	16	-25	-15832	3184	-4336	-7	-10	23	-16280	2000	-1240	24	-16	17	122	135	8
-9780	-2740	13196	134	-36	-145	-15740	1392	-3536	64	-139	67	-15852	-1704	-3212	276	-150	232	-9384	3312	12848	-11	17	-27	-15824	3008	-4320	7	-6	23	-16048	2032	-1584	53	-23	15	126	124	8
-9784	-2800	13192	159	-18	-140	-15772	1412	-3644	61	-115	63	-15832	-1700	-3212	227	-181	221	-9336	3360	12592	-8	15	-27	-15984	3096	-4224	30	-13	28	-16136	2312	-1304	60	-15	13	123	130	8
-9804	-2716	13376	125	-12	-147	-15744	1356	-3572	-2	-56	67	-15768	-1476	-3096	165	-215	197	-9216	3560	12704	-7	16	-27	-15840	3176	-4064	8	-10	24	-16192	2232	-1360	47	-14	12	127	130	8
-9768	-2796	13344	123	-28	-130	-15724	1420	-3632	31	-4	28	-15804	-1516	-2952	-84	-275	194	-9416	3536	12736	-10	18	-31	-15848	3104	-4040	-12	2	21	-16344	2304	-1160	18	-20	12	125	127	8
-9708	-2672	13188	156	-40	-166	-15872	1360	-3464	-8	73	37	-15936	-1684	-2996	-147	-372	203	-9344	3536	12704	-11	19	-32	-15872	3136	-4312	-29	-2	20	-16312	2088	-1472	-7	-33	9	122	129	8
-9744	-2740	13164	193	-37	-158	-15824	1356	-3456	85	75	39	-15948	-1700	-3076	-42	-418	196	-9272	3400	12688	-14	18	-28	-15744	3048	-4184	-12	7	21	-16016	2208	-1432	-8	-30	11	122	128	8
-9720	-2820	13188	170	-29	-115	-15776	1396	-3744	106	91	35	-15856	-1800	-3180	104	-350	176	-9296	3384	12624	-12	14	-29	-15632	3120	-4240	-3	-2	13	-16264	2112	-1392	-1	-36	13	126	132	8
-9756	-2668	13316	162	-49	-153	-15744	1400	-3640	59	118	38	-15872	-1696	-3184	186	-367	176	-9256	3352	12776	-17	13	-29	-15704	3120	-4144	-20	2	19	-16208	2008	-1488	15	-37	10	120	130	8
-9680	-2740	13288	176	-1	-143	-15816	1372	-3620	102	70	46	-15796	-1524	-3172	98	-351	190	-9312	3424	12776	-15	14	-30	-15704	2976	-4160	-4	3	17	-16008	2112	-1592	26	-25	12	125	131	8
-9748	-2736	13176	167	-48	-139	-15776	1392	-3780	225	20	13	-15796	-1512	-3536	30	-420	179	-9256	3280	12640	-16	14	-26	-15768	2928	-4208	17	-13	22	-16008	2072	-1512	36	-35	5	127	128	8
-9764	-2692	13256	211	-50	-133	-15756	1484	-3816	35	22	-12	-15740	-1580	-3224	50	-404	101	-9192	3456	12872	-18	15	-27	-15904	3160	-4312	29	-9	21	-16112	2128	-1264	39	-27	6	127	127	8
-9824	-2724	13196	228	-50	-148	-15804	1376	-3784	-31	-25	0	-15800	-1652	-3216	-2	-284	127	-9480	3360	12704	-14	11	-29	-15776	3192	-4296	2	-14	16	-16328	2200	-1520	10	-20	-1	128	128	8
-9768	-2752	13244	232	-121	-156	-15852	1500	-3848	-227	-64	11	-15852	-1488	-3096	-161	-309	116	-9352	3360	12688	-11	8	-26	-15768	3232	-4504	-15	-11	11	-16160	2232	-1424	3	-12	9	126	130	8
-9820	-2696	13280	323	-60	-158	-15800	1448	-3612	-426	-1	0	-15852	-1496	-2948	-492	-293	117	-9360	3488	12808	-15	3	-25	-15928	3280	-4056	-2	-18	17	-16192	2192	-1608	-13	-17	-1	125	126	8
-9780	-2780	13376	363	-13	-118	-15832	1476	-3420	-435	110	19	-15812	-1536	-2872	-493	-333	111	-9304	3504	12592	-13	5	-31	-15840	3216	-4328	-25	-17	11	-16104	2248	-1264	-11	-18	3	121	131	8
-9672	-2664	13304	401	-72	-120	-15840	1388	-3504	-331	136	5	-15988	-1592	-2824	-384	-437	-74	-9312	3368	12744	-18	5	-26	-15880	3008	-4272	-29	-11	8	-16072	2288	-1496	-4	-12	2	126	126	8
-9656	-2688	13340	380	-136	-117	-15696	1464	-3564	-145	158	5	-15832	-1688	-2956	-296	-507	-16	-9288	3440	12720	-10	5	-25	-15752	2880	-4344	-31	-11	6	-16152	2192	-1296	-9	-5	-8	120	127	8
-9788	-2648	13300	377	-94	-74	-15752	1404	-3756	-76	201	-18	-15740	-1812	-3184	-460	-481	35	-9376	3224	12952	-11	3	-25	-15752	3320	-3792	0	-15	14	-16288	1976	-1032	-12	-9	-6	125	126	8
-9732	-2720	13292	315	-63	-120	-15868	1396	-3928	68	105	-26	-15848	-1616	-3348	-315	-454	74	-9288	3480	12656	-8	7	-27	-15824	3072	-3952	-13	0	9	-16168	2128	-880	-8	-16	-2	127	127	8
-9712	-2720	13336	249	-40	-99	-15840	1432	-3864	197	4	10	-15936	-1688	-3400	-308	-320	44	-9376	3376	12696	-6	8	-30	-16008	3096	-3952	-3	-2	8	-16232	2064	-944	19	-31	3	125	128	8
-9756	-2688	13288	167	-25	-145	-15768	1592	-3928	101	-115	-52	-15784	-1572	-3396	64	-203	124	-9328	3216	13040	-12	18	-32	-15768	2920	-4000	15	0	13	-16120	2232	-1048	21	-31	3	125	126	8
-9800	-2668	13264	173	-39	-142	-15796	1552	-3944	0	-129	-6	-15780	-1644	-3436	50	-130	203	-9320	3360	13056	-12	16	-30	-15800	3104	-4312	25	-5	10	-16072	2120	-1544	42	-35	2	125	130	8
-9784	-2704	13456	147	-11	-171	-15776	1468	-3928	-97	-171	-72	-15752	-1804	-3168	196	-111	184	-9312	3392	12720	-11	13	-31	-15936	3176	-4376	23	-10	16	-16024	2152	-1416	55	-25	0	127	129	8
-9712	-2628	13236	154	7	-160	-15788	1360	-3760	84	-257	-12	-15864	-1588	-3056	329	-105	122	-9344	3216	12720	-10	10	-27	-15848	3088	-4248	16	-13	10	-16040	2152	-1416	44	-13	-1	129	125	8
-9792	-2716	13340	195	-48	-166	-15724	1392	-3708	-33	-245	-7	-15872	-1620	-3076	189	-58	114	-9440	3344	12808	-9	10	-25	-15936	3096	-4424	26	-22	13	-16240	2096	-1408	39	-11	-5	129	128	8
-9740	-2660	13272	213	-53	-145	-15808	1424	-3752	-119	-242	-57	-15832	-1464	-2988	72	-113	113	-9312	3384	12808	-11	13	-25	-15856	2936	-4304	24	-29	14	-16112	2040	-1376	14	-15	-5	124	131	8
-9728	-2580	13344	240	-65	-195	-15816	1512	-3576	-134	-236	-98	-15864	-1640	-3012	25	-132	118	-9280	3448	12896	-7	19	-25	-15848	3056	-3992	20	-29	13	-16152	2176	-952	15	-15	-7	131	128	8
-9752	-2616	13272	167	9	-172	-15844	1408	-3612	-31	-228	-102	-15764	-1640	-2984	25	-112	116	-9232	3392	12640	-12	26	-29	-15888	3152	-4192	22	-31	10	-16192	2208	-1120	14	-4	-2	130	129	8
-9656	-2712	13240	152	-30	-155	-15924	1464	-3600	90	-251	-75	-15920	-1660	-2976	56	-22	118	-9376	3408	12688	-9	20	-29	-16040	3064	-4008	2	-16	9	-16192	2072	-1056	18	-5	-9	129	126	8
-9692	-2616	13276	75	-29	-191	-15756	1460	-3560	-99	-231	-106	-15916	-1656	-2892	63	-28	135	-9312	3592	12880	-7	16	-32	-15912	3072	-4064	20	-11	5	-16104	2104	-1056	23	-13	-7	127	128	8
-9844	-2652	13324	34	59	-198	-15840	1420	-3612	-57	-188	-107	-15820	-1708	-2844	-117	-4	159	-9296	3360	12704	-12	18	-29	-15816	3032	-4040	19	-11	11	-16136	2176	-824	29	-19	-6	127	124	8
-9684	-2676	13252	-11	27	-165	-15884	1392	-3628	-20	-176	-67	-15872	-1776	-2888	39	-72	155	-9320	3488	12616	-12	16	-31	-15872	3216	-4040	-5	0	7	-16192	2232	-1032	37	-14	-8	129	119	8
-9740	-2720	13360	66	64	-174	-15828	1360	-3544	128	-121	-83	-15880	-1760	-2868	39	-69	172	-9232	3384	12808	-14	17	-34	-15896	3032	-4104	-7	4	8	-16080	2288	-1408	27	-13	-2	128	125	8
-9704	-2672	13252	53	32	-162	-15848	1356	-3500	107	-155	-55	-15876	-1704	-3004	204	-64	125	-9344	3488	12840	-12	18	-34	-15808	2968	-4016	-1	-1	6	-16128	2088	-1024	26	-13	-1	129	128	8
-9736	-2680	13360	101	-1	-152	-15812	1416	-3692	58	-97	-109	-15836	-1724	-3128	130	-29	100	-9416	3344	12512	-14	18	-30	-15896	3112	-4016	19	-2	7	-16240	2152	-1296	10	-8	-5	127	126	8
-9744	-2660	13296	132	-18	-175	-15740	1428	-3684	-23	-140	-71	-15860	-1636	-3088	141	-23	127	-9312	3416	12936	-18	23	-28	-15752	3144	-4488	3	-1	8	-16096	1928	-1304	14	-14	-9	130	126	8
-9724	-2736	13164	154	-5	-154	-15788	1360	-3588	-5	-112	-87	-15808	-1600	-3020	-210	-70	139	-9336	3504	12904	-15	18	-33	-15856	2912	-4240	-8	2	6	-16032	1920	-1056	8	-13	-3	127	127	8
-9772	-2740	13240	149	30	-211	-15832	1316	-3392	-64	-109	-104	-15892	-1788	-3116	-71	-87	146	-9432	3368	12728	-15	16	-34	-15880	3024	-4088	1	-7	13	-16232	2016	-1128	10	-14	-4	128	128	8
-9712	-2600	13236	116	-14	-150	-15904	1300	-3668	-40	-138	-81	-15840	-1876	-3108	121	-113	111	-9440	3432	12752	-8	21	-31	-15800	3000	-4064	4	-8	11	-16136	1976	-1192	16	-2	-4	129	122	8
-9732	-2692	13324	144	6	-147	-15800	1348	-3620	29	-129	-87	-15756	-1804	-3120	34	-61	133	-9400	3368	12696	-19	13	-30	-15880	2936	-4304	21	-5	17	-16192	1984	-1224	18	-8	-2	128	127	8
-9720	-2704	13316	126	-12	-143	-15804	1472	-3572	-38	-142	-48	-15776	-1788	-2932	143	0	190	-9352	3440	12560	-16	15	-28	-15880	3088	-4224	39	-10	21	-16248	2120	-1496	24	-15	1	127	127	8
-9704	-2644	13228	108	8	-158	-15784	1292	-3584	30	-122	-61	-15840	-1876	-2860	301	-9	211	-9320	3432	12760	-16	22	-28	-15736	2984	-4088	40	-12	19	-16120	1856	-1256	25	-22	3	127	123	8
-9788	-2780	13328	88	10	-173	-15888	1276	-3556	159	-117	-12	-15960	-1824	-3100	415	-29	203	-9368	3328	12824	-9	18	-33	-15856	3024	-4216	12	2	17	-16280	2040	-1136	52	-20	0	129	127	8
-9680	-2664	13308	137	-20	-135	-15792	1512	-3544	163	-39	-15	-15860	-1544	-2924	401	-61	185	-9312	3480	12856	-13	22	-29	-15832	3088	-4008	20	-6	17	-16208	2072	-1304	61	-22	1	129	125	8
-9728	-2728	13372	104	-35	-159	-15828	1360	-3500	151	-42	-19	-15800	-1696	-3096	206	-61	203	-9312	3360	12824	-12	22	-29	-15944	3216	-3896	21	0	18	-16120	2152	-1608	37	-29	10	124	125	8
-9760	-2764	13176	135	-8	-139	-15876	1340	-3572	97	-33	-10	-15896	-1740	-3072	108	-124	232	-9280	3416	13008	-11	19	-31	-15864	3136	-3992	12	1	16	-16216	2104	-1240	42	-42	4	129	125	8
-9760	-2720	13284	115	-80	-164	-15748	1324	-3660	124	-48	-26	-15764	-1684	-3144	116	-93	227	-9304	3480	12688	-11	22	-30	-15744	2912	-4136	21	-6	16	-16264	1864	-1032	62	-37	6	129	124	8
-9784	-2700	13260	138	13	-122	-15840	1384	-3524	42	-66	12	-15820	-1828	-3144	269	-66	223	-9368	3432	12864	-14	19	-33	-15784	3064	-4184	47	-11	19	-16160	2192	-1336	75	-30	2	128	128	8
-9732	-2696	13204	122	-12	-131	-15912	1288	-3544	187	-100	-14	-15916	-1780	-3112	310	-95	195	-9304	3400	12600	-9	14	-29	-15896	3104	-4392	34	-13	20	-16008	2024	-1240	63	-32	5	130	127	8
-9776	-2676	13268	124	-6	-160	-15776	1492	-3640	170	-102	3	-15788	-1576	-3224	343	-114	221	-9288	3328	12704	-12	12	-23	-15896	3192	-4224	16	-7	19	-16256	2184	-1216	38	-30	11	129	127	8
-9720	-2700	13272	136	-29	-165	-15768	1572	-3580	161	-105	20	-15840	-1660	-3056	346	-107	228	-9272	3424	12720	-10	17	-29	-15848	2904	-4112	4	-8	14	-16152	2120	-1168	29	-29	4	128	125	8
-9736	-2700	13176	142	10	-139	-15908	1292	-3652	98	-131	28	-15868	-1760	-3172	223	-92	233	-9456	3280	12712	-7	18	-29	-15952	3008	-4304	13	-17	25	-16224	2000	-1072	33	-24	9	126	127	8
-9728	-2680	13200	114	-16	-171	-15832	1348	-3636	115	-174	-11	-15884	-1840	-3112	281	-70	233	-9352	3376	12720	-8	21	-28	-15920	3096	-4440	15	-15	23	-16360	1984	-1104	37	-26	8	130	126	8
-9796	-2720	13380	83	-62	-116	-15784	1324	-3528	47	-162	36	-15896	-1748	-2956	300	-66	202	-9200	3288	12912	-8	23	-24	-15832	2968	-4376	26	-17	22	-16120	2104	-960	34	-20	10	127	122	8
-9724	-2688	13208	122	-50	-151	-15888	1372	-3464	63	-164	0	-15808	-1764	-3084	374	-136	213	-9376	3288	12848	-9	20	-28	-15888	3064	-3952	25	-22	21	-16200	2000	-1296	43	-17	2	127	125	8
-9768	-2752	13268	147	-17	-92	-15824	1388	-3548	85	-139	35	-15844	-1656	-3060	198	-158	170	-9592	3488	12696	-7	17	-28	-15848	3096	-4152	25	-16	22	-16208	2096	-1264	33	-23	7	128	125	8
-9756	-2756	13320	100	-57	-132	-15816	1396	-3496	112	-126	44	-15852	-1640	-2948	164	-231	224	-9112	3384	12608	-4	18	-28	-15824	3072	-4056	32	-17	25	-16064	2096	-1120	23	-27	4	127	123	8
-9736	-2772	13348	119	-74	-149	-15808	1412	-3516	111	-131	76	-15876	-1612	-2956	167	-142	178	-9416	3392	12904	-10	18	-24	-15848	2992	-4240	25	-15	29	-16208	2248	-960	31	-23	6	127	127	8
-9748	-2716	13232	167	-28	-121	-15860	1328	-3372	154	-91	14	-15924	-1612	-2976	197	-200	190	-9400	3488	12896	-8	19	-23	-15840	2936	-4464	16	-14	25	-16096	2128	-896	22	-12	9	127	124	8
-9752	-2700	13276	128	-70	-116	-15860	1380	-3644	69	-80	42	-15812	-1660	-2912	117	-168	188	-9336	3360	12552	-8	18	-25	-15848	3016	-4040	25	-15	21	-16144	2000	-1064	24	-23	0	126	125	8
-9768	-2700	13320	134	-5	-132	-15796	1400	-3504	13	-69	38	-15856	-1728	-3096	62	-206	182	-9312	3432	12616	-9	17	-28	-15920	2992	-3944	30	-17	29	-16112	2168	-1312	25	-20	4	128	118	8
-9712	-2696	13172	142	-35	-125	-15940	1372	-3584	129	-45	19	-15872	-1744	-3072	58	-248	155	-9376	3464	12768	-15	19	-26	-15800	3192	-4024	16	-13	23	-16232	2216	-1168	13	-22	6	127	126	8
-9728	-2740	13376	176	-7	-167	-15824	1464	-3540	107	-78	55	-15872	-1644	-3216	113	-230	208	-9224	3552	12776	-5	19	-28	-15992	3128	-4120	2	-8	20	-16264	2128	-1016	-6	-26	10	124	125	8
-9732	-2676	13212	151	-13	-149	-15860	1408	-3588	39	-87	5	-15844	-1688	-3092	44	-199	233	-9352	3352	12760	-7	16	-25	-15880	2952	-4160	29	-6	23	-16256	2048	-776	11	-23	1	127	125	8
-9692	-2732	13248	154	-56	-149	-15900	1372	-3640	37	-71	20	-15908	-1616	-3156	71	-142	196	-9376	3296	12584	-9	23	-30	-15752	3256	-4000	37	-14	21	-16096	2008	-1136	23	-29	3	127	127	8
-9740	-2636	13220	176	-59	-162	-15828	1404	-3624	15	-103	8	-15788	-1568	-3180	54	-234	218	-9528	3304	12584	-10	17	-26	-15848	3112	-3928	8	-10	25	-16128	2208	-1016	25	-34	10	128	125	8
-9756	-2744	13324	135	-84	-154	-15816	1368	-3632	40	-126	31	-15764	-1668	-3076	3	-166	186	-9264	3368	12776	-13	14	-30	-15816	3168	-4232	6	-6	17	-16232	2248	-992	14	-31	11	127	123	8
-9756	-2704	13300	115	-71	-153	-15868	1432	-3596	90	-162	17	-15840	-1716	-3032	3	-237	209	-9440	3376	12600	-9	9	-29	-15768	3096	-4176	9	-15	15	-16208	2384	-776	-2	-32	9	127	124	8
-9720	-2792	13208	139	-25	-128	-15860	1400	-3524	115	-215	0	-15824	-1712	-3120	50	-172	140	-9304	3384	12928	-11	11	-29	-15840	3264	-3952	-42	6	15	-16248	2616	-888	-66	-42	10	126	123	8
