#Activity	standing walking 
#ActivityID	8 1 
#Date 09-07-16-17
acc_rf_x	acc_rf_y	acc_rf_z	gyro_rf_x	gyro_rf_y	gyro_rf_z	acc_rs_x	acc_rs_y	acc_rs_z	gyro_rs_x	gyro_rs_y	gyro_rs_z	acc_rt_x	acc_rt_y	acc_rt_z	gyro_rt_x	gyro_rt_y	gyro_rt_z	acc_lf_x	acc_lf_y	acc_lf_z	gyro_lf_x	gyro_lf_y	gyro_lf_z	acc_ls_x	acc_ls_y	acc_ls_z	gyro_ls_x	gyro_ls_y	gyro_ls_z	acc_lt_x	acc_lt_y	acc_lt_z	gyro_lt_x	gyro_lt_y	gyro_lt_z	EMG_r	EMG_l	act
-7224	-4092	14004	3	0	-19	-14640	-9344	2432	30	34	26	-15744	824	-3712	6	6	28	-6064	3744	13792	9	5	5	-16072	2744	-4120	-1	-12	-12	-16336	-3632	1192	58	28	-16	122	127	8
-7440	-5952	13008	-14	30	-25	-12368	-9384	2352	4	11	-7	-15520	1480	-3584	46	-5	11	-10032	4984	14768	-4	-3	-28	-15072	624	-4840	15	5	0	-15520	-3616	2016	18	-11	15	123	127	8
-8024	-5652	12892	-14	24	-36	-13608	-9712	1784	-12	17	12	-15856	1160	-3896	12	-3	14	-7672	4280	14208	16	17	-7	-16088	1344	-3552	-14	-30	-33	-16072	-3272	1832	50	12	-6	123	127	8
-8132	-4948	13504	0	7	-23	-13696	-9352	1800	-5	9	11	-16048	1376	-4040	-12	10	18	-8344	4440	13024	34	-1	8	-15784	1848	-5192	-14	41	-5	-16024	-3576	1816	-18	10	4	123	127	8
-7904	-5520	13584	-17	41	-31	-13552	-9336	2464	-9	-30	32	-15928	1712	-3576	6	-15	24	-8520	4032	13712	27	8	-48	-15320	-208	-4048	26	-8	-10	-15872	-3208	1952	8	13	14	123	127	8
-5852	-4520	12996	-19	36	-29	-13144	-9208	2408	9	-3	28	-15032	704	-3552	7	-10	25	-7648	3400	14984	14	5	-22	-16376	1704	-3464	8	-37	-18	-15752	-3256	1384	56	1	-14	122	127	8
-7820	-4060	13436	-8	2	-15	-13832	-9408	2352	68	59	11	-15688	968	-3760	54	-7	18	-8440	3288	14016	12	-29	-10	-15520	1384	-4856	14	15	1	-15856	-3480	2056	14	0	1	123	127	8
-7696	-4940	13392	-1	11	-20	-14304	-9168	2488	18	19	18	-16128	1864	-4088	26	13	15	-8240	4304	13640	26	4	-16	-15064	1368	-4312	14	-16	-9	-15984	-3488	2080	28	10	10	123	127	8
-8144	-5148	12752	-10	16	-38	-13008	-9784	1720	-52	-13	2	-15840	1296	-4016	-32	2	30	-7608	4400	13152	13	3	-2	-16176	1424	-4184	-23	9	-29	-15936	-3304	1712	28	17	-6	123	127	8
-7188	-5188	12504	-15	38	-23	-13112	-9136	2464	-6	-12	13	-15584	1216	-3440	23	2	15	-8016	4072	13520	31	6	-23	-16064	1776	-3600	-19	1	-26	-15784	-3432	1808	1	0	12	123	127	8
-7696	-4748	12928	-8	23	-20	-13456	-9320	2048	8	24	17	-15616	1232	-3456	15	-12	21	-8344	4416	13656	12	-2	-13	-16104	1424	-4184	-4	2	-16	-16080	-3344	1632	37	9	-9	123	127	8
-7308	-5436	13256	-20	34	-24	-13056	-9392	2200	11	-2	24	-15688	1392	-3816	8	-16	12	-9128	4416	13608	19	-3	-23	-15440	792	-4688	17	10	2	-15896	-3336	2224	25	-6	11	123	127	8
-7916	-4436	12964	-11	21	-31	-14600	-9400	1936	6	16	30	-16176	1216	-3792	1	-6	22	-8152	3744	15312	5	0	-31	-16344	1488	-3424	-3	-20	-21	-16240	-2960	1184	46	20	0	123	127	8
-7948	-5008	13440	-16	15	-24	-12952	-9248	1512	-14	-7	16	-15304	1352	-4248	-6	11	21	-9528	4656	13384	-5	-22	-22	-15848	1024	-5296	15	19	-16	-15808	-3264	1880	-1	-3	11	123	127	8
-7124	-4588	13272	-10	25	-26	-14320	-8984	2064	11	4	41	-15880	1504	-3904	27	-10	16	-8360	3984	14976	0	13	-44	-15864	496	-3176	16	-15	-36	-15896	-3224	1504	20	7	-1	123	127	8
-7024	-4688	13908	-12	14	-19	-13640	-9512	1864	-1	1	33	-15600	1248	-3872	-12	1	25	-8032	4480	13824	20	6	-9	-16120	1880	-3728	2	-3	-20	-15928	-3384	1272	26	25	-6	122	127	8
-6772	-5280	12536	-22	47	-39	-13088	-9288	2240	-2	-13	26	-15552	1296	-3664	-10	1	19	-9120	4520	14360	11	4	-34	-15040	280	-4256	7	5	-13	-15472	-3416	1912	12	7	10	122	127	8
-7020	-4428	13388	-14	3	-25	-14152	-9272	2440	6	10	20	-15488	832	-3952	-26	4	13	-7976	3536	14720	-1	-8	-27	-16360	1528	-3200	-5	-40	-23	-16080	-3112	1608	27	7	-8	123	127	8
-6772	-3880	14400	4	-2	-8	-14264	-8528	2328	23	5	23	-15976	1416	-3968	5	6	5	-8848	3240	14304	3	-25	-8	-15728	2072	-4784	-13	24	-10	-15960	-3632	2024	-12	11	3	123	127	8
-6248	-3788	13052	-3	-5	-18	-14872	-8432	2344	25	-15	13	-16320	1856	-3864	-21	-2	27	-7880	3496	14976	4	12	-29	-15264	1232	-2808	7	-4	-13	-16032	-3120	1824	5	25	14	123	127	8
-7876	-4216	13844	-13	9	-20	-13080	-9544	2256	-1	-12	-7	-15544	952	-3472	-26	8	22	-8032	4000	14184	19	11	-2	-15768	1904	-4264	-5	4	-22	-15888	-3336	1472	16	27	-5	123	127	8
-7496	-5664	12852	-23	26	-36	-12744	-9584	2264	12	9	8	-15464	1440	-3600	32	-4	0	-8456	3888	13760	17	-2	-35	-14928	752	-4312	10	-2	-12	-15616	-3096	1880	5	1	9	123	127	8
-7828	-4476	12796	-18	13	-30	-13456	-9040	1776	3	20	9	-15464	1128	-3584	7	-2	9	-8352	3072	14424	6	15	-27	-15968	1184	-3888	13	-17	-28	-15896	-3112	1504	23	9	-5	123	127	8
-7460	-4664	13144	-11	13	-22	-13640	-9232	2088	-9	1	22	-15672	1280	-4136	-17	4	6	-9528	3712	14624	11	-29	-21	-15816	1248	-4552	-2	4	-18	-15760	-3224	1848	-1	15	7	123	127	8
-7912	-3808	13480	1	-3	-22	-14880	-8568	1672	-8	18	29	-16064	1504	-4128	-37	9	24	-7416	3776	14312	-2	6	-17	-15832	1752	-3264	-1	-11	-27	-16008	-3216	1408	-1	34	1	123	127	8
-7696	-4388	13088	-19	23	-22	-13296	-8688	2184	-22	-19	10	-15600	1616	-3840	-17	8	14	-7800	3984	15032	1	5	-16	-15760	2008	-3560	-13	-3	-20	-15944	-3584	1528	9	27	-6	122	127	8
-7644	-4292	13076	-16	29	-15	-12992	-9176	2104	5	8	-5	-15360	880	-3400	-2	-5	3	-8808	4280	14264	-7	-18	-18	-15504	1184	-4608	-1	4	-16	-15832	-3528	2288	-2	11	-1	123	127	8
-8052	-5396	13428	-3	3	-22	-13096	-8928	1880	18	20	6	-16064	1232	-3864	2	20	-5	-7664	4520	13832	28	26	-1	-15968	2232	-3856	-2	-16	-32	-16288	-3168	1784	13	25	-10	123	127	8
-8260	-5844	12524	-12	37	-39	-12880	-9440	1856	-49	-16	7	-15832	1944	-3768	-24	11	2	-9768	4696	14352	13	10	-29	-15512	1120	-5096	-11	15	-28	-15864	-3216	2008	-4	35	-1	123	127	8
-8200	-5428	12244	-15	29	-45	-13400	-9848	1904	-55	-1	18	-15600	888	-4000	-46	0	12	-8304	4368	14472	14	28	-26	-15912	1096	-3552	13	-27	-39	-15832	-3240	1816	1	44	-4	122	128	8
-8104	-4696	13480	-8	22	-18	-12960	-9008	1800	-24	24	21	-15400	1304	-3656	-9	10	-2	-8584	4080	14800	12	3	-25	-15976	1472	-4400	1	-1	-32	-15816	-3240	1824	-9	27	-13	122	128	8
-7192	-5036	12928	-16	21	-27	-14064	-9104	2184	1	30	27	-15480	1496	-3840	-3	10	2	-7936	4184	14992	0	8	-25	-15816	1600	-3288	9	-25	-34	-15968	-3440	1992	-13	21	-13	123	128	8
-8120	-4180	13856	-3	-2	-29	-13736	-8848	1904	-30	18	9	-15656	1200	-3856	-58	29	1	-8088	3984	14488	2	5	-16	-15624	2440	-4360	-20	9	-27	-15976	-3448	2160	-12	40	-8	123	127	8
-8004	-5832	13088	-15	22	-30	-12768	-9712	2144	-33	1	4	-15752	1432	-3608	-39	11	-4	-9336	4760	14776	14	9	-24	-15584	928	-4112	-3	9	-46	-15856	-3360	2296	-40	35	-3	122	127	8
-8304	-5448	13020	-10	27	-33	-13728	-9728	1960	-43	25	15	-15888	1296	-3488	-47	20	-9	-7992	4264	14504	8	37	-25	-16312	1800	-3328	-10	-7	-67	-16168	-3192	1656	-28	30	-25	122	127	8
-8480	-5976	13028	-16	34	-37	-12680	-9592	1832	-64	6	12	-15688	1544	-4112	-53	23	-13	-8856	4776	13936	3	18	-21	-15936	1520	-4632	-14	35	-67	-15832	-3384	1944	-62	31	-16	122	128	8
-7788	-5556	12532	-23	38	-31	-13264	-9768	1376	-48	6	17	-15704	1216	-4040	-65	24	-9	-9104	5040	14608	8	39	-61	-15704	720	-3856	6	8	-73	-16072	-3288	1560	-43	45	-15	123	129	8
-7672	-4888	13200	-15	35	-34	-13088	-9048	1848	-42	13	30	-15528	880	-3752	-45	22	-12	-7992	4064	14408	1	42	-50	-16392	1440	-3344	-1	-5	-80	-16032	-3320	1416	-29	40	-23	122	130	8
-7848	-4536	12968	-23	30	-23	-13520	-9104	1144	-48	22	27	-15488	776	-3624	-56	11	-4	-9624	4240	14328	-5	22	-57	-15928	1016	-4800	9	25	-69	-16024	-3512	1760	-43	12	-6	122	130	8
-7168	-4532	13424	5	-8	-31	-14144	-8728	1520	-39	42	41	-15848	1280	-4016	-52	20	0	-8856	3912	14848	0	58	-60	-16088	1528	-3672	23	7	-73	-16152	-3408	1760	-26	10	-12	122	131	8
-7492	-4780	12728	-8	14	-30	-13736	-8944	1880	-52	28	25	-16056	1664	-3984	-68	24	13	-7904	3912	14392	4	55	-58	-16064	1840	-3560	27	22	-85	-16200	-3456	1888	-25	26	-5	122	129	8
-6656	-4308	12908	-14	20	-33	-13416	-9088	2448	-54	28	26	-15736	1344	-3568	-53	27	5	-7704	4464	13400	-13	87	-68	-15680	1552	-3872	15	23	-74	-15968	-3416	2168	-48	20	-9	122	128	8
-8052	-5488	13400	-20	15	-37	-12584	-9656	1912	-41	49	9	-15216	968	-3760	-41	27	-3	-8680	4480	14160	11	104	-75	-15856	952	-3960	31	23	-82	-16144	-3888	2408	-73	-11	-19	122	128	8
-8132	-4912	13380	-14	18	-35	-13560	-9416	1768	-29	72	34	-15832	856	-4152	2	24	3	-7416	3976	14552	25	143	-83	-16944	1392	-3512	27	41	-97	-16792	-4280	2400	-71	-41	-21	122	127	8
-8116	-4964	13232	-19	16	-30	-13704	-9000	1336	-49	60	29	-15608	1200	-4208	-25	24	22	-8824	4104	13976	28	174	-160	-16160	1680	-4360	72	103	-52	-16552	-4664	2928	-73	-49	-27	122	128	8
-7152	-5264	13292	-12	21	-40	-13792	-9544	2232	-42	40	33	-15688	936	-4456	-17	28	44	-7816	4672	14240	73	244	-214	-16472	1736	-3440	108	127	-40	-16368	-4200	2504	-69	-27	-13	122	128	8
-7716	-4860	13224	-18	20	-34	-13448	-9288	1568	-27	62	31	-15576	1096	-4200	29	30	46	-8464	4016	14432	86	292	-275	-16056	1440	-3800	157	157	-24	-16144	-4592	2048	-77	-12	-4	122	129	8
-7004	-4672	13208	-5	20	-29	-13416	-9184	2064	6	69	35	-15280	1040	-4120	72	30	45	-9120	4216	14704	97	335	-283	-15832	1680	-4032	166	154	-23	-15848	-4344	1840	-9	-36	-44	122	130	8
-7564	-5036	12748	-10	13	-34	-13696	-9392	1656	9	77	21	-15600	1192	-4520	66	26	68	-9400	4272	14208	183	327	-316	-15968	928	-4216	257	157	-27	-15856	-4464	2096	0	-46	-2	122	129	8
-7876	-4808	12992	-6	9	-40	-13608	-9304	1616	-4	71	32	-15616	1288	-4040	63	30	68	-9168	3872	14016	230	327	-352	-16104	976	-4392	298	136	-26	-15752	-4368	2288	20	-10	17	122	129	8
-8152	-4672	13344	-10	13	-24	-13528	-9192	1360	-6	46	29	-15504	1264	-4560	50	29	76	-9552	4696	12184	227	343	-387	-15856	1312	-4304	315	125	-30	-15704	-4192	1824	61	1	28	122	129	8
-7296	-5480	13160	-11	16	-32	-13416	-9624	1968	10	35	29	-15760	1288	-4352	63	23	76	-9408	4704	14072	226	302	-426	-15928	1608	-4464	296	148	-12	-16160	-4416	2016	147	-3	50	122	130	8
-7308	-4416	13224	-8	14	-28	-13792	-8880	1808	14	46	38	-15432	1112	-3736	52	17	70	-9488	4760	14280	234	295	-454	-15472	1248	-4720	337	164	6	-15960	-4200	2056	130	-78	84	121	131	8
-7480	-5020	13060	-3	4	-33	-13392	-9560	1752	-7	33	50	-15432	1496	-4208	14	9	87	-6896	7528	14328	167	166	-359	-15624	2856	-3024	298	128	66	-16104	-3856	1472	168	-29	88	121	129	8
-8204	-4956	13224	-2	5	-32	-13672	-9440	1000	-27	21	59	-15648	1408	-4408	-20	15	85	-5200	8152	13976	190	126	-153	-14992	3680	-1560	216	64	144	-16608	-3440	1320	196	-58	75	121	129	8
-7092	-4868	13392	-2	10	-28	-13624	-9376	1992	-7	-2	72	-15512	1056	-4424	-13	16	79	-6368	7984	15528	282	-28	67	-15408	4360	-2152	48	81	229	-16952	-3064	1872	174	-160	104	121	132	8
-7816	-4948	13208	-8	14	-22	-13216	-9552	1480	-3	6	69	-15264	912	-4328	0	1	84	-5064	6168	14624	245	-161	89	-15864	3672	-1592	-38	-1	298	-17000	-2592	2192	137	-225	110	121	130	8
-7328	-4832	13608	7	-3	-11	-13728	-9136	1760	27	23	69	-15592	840	-4240	32	4	92	-5256	5608	15184	331	-202	65	-16360	3080	-1952	33	-98	348	-16680	-3016	2472	116	-297	95	121	127	8
-7636	-4604	13340	13	0	-13	-13544	-8976	1568	8	1	78	-15544	1408	-3968	20	-6	97	-5512	5656	15424	338	-268	44	-16336	3000	-1768	72	-190	383	-16568	-3280	3064	144	-324	69	122	127	8
-7024	-4696	13468	10	-3	-20	-13952	-9320	2272	-5	-17	95	-15672	1624	-4016	2	-23	111	-5648	5352	15232	347	-339	3	-16144	2944	-2040	131	-277	416	-16624	-3472	2712	156	-402	42	121	127	8
-7496	-4404	13480	7	0	-15	-13896	-9048	1936	-4	-24	91	-15792	1280	-4032	-17	-19	114	-5432	5568	15144	364	-389	-44	-16208	3128	-1952	148	-361	445	-16496	-3424	2864	214	-447	18	121	128	8
-7544	-4780	13296	3	5	-20	-13696	-9304	1792	-1	1	92	-15568	1744	-4176	-9	-4	104	-5736	5784	15016	380	-408	-50	-16080	3056	-1888	152	-436	480	-16304	-3760	2640	253	-480	-3	121	126	8
-7904	-4740	13216	2	5	-18	-13744	-9176	1464	-17	-9	96	-15400	1800	-4304	-53	-11	96	-5944	6216	14864	398	-424	-19	-16000	2896	-1984	147	-493	524	-15912	-3736	2720	265	-510	-10	121	128	8
-7516	-4720	13360	2	2	-10	-13784	-9160	1584	-27	-49	98	-15568	1648	-4088	-82	-2	94	-6072	6056	14872	409	-430	28	-16080	2952	-1816	116	-528	564	-16080	-3472	3064	272	-506	-23	121	129	8
-7560	-4800	13376	13	-4	-12	-13584	-9064	1704	-49	-62	103	-15504	1472	-3896	-99	-5	92	-6192	6024	14632	387	-432	51	-16032	3288	-2048	54	-563	598	-16048	-3616	3272	258	-517	-39	122	131	8
-7348	-4836	13536	6	-2	-12	-13616	-8936	1976	-55	-64	104	-15520	1344	-3760	-102	-5	94	-5904	5744	14256	386	-380	86	-16088	3064	-1808	14	-601	620	-15496	-3624	3336	249	-530	-37	122	132	8
-7684	-4532	13588	6	-5	-11	-13712	-8960	1976	-40	-32	106	-15840	1504	-3432	-85	5	100	-5896	5984	14216	385	-300	124	-16224	3048	-1984	-1	-641	648	-15456	-3632	3408	219	-512	-37	122	132	8
-7540	-4644	13584	7	2	-12	-13824	-8976	1880	-44	-15	120	-15808	1360	-3520	-83	10	103	-5880	5112	13544	351	-194	125	-16112	3200	-1672	-27	-688	671	-15288	-3192	3416	246	-503	-41	122	130	8
-7724	-4604	13520	6	7	-8	-13752	-8992	1488	-66	1	124	-15848	1464	-3520	-93	7	111	-6232	5120	13928	381	-102	125	-16184	3336	-1776	-49	-721	687	-15536	-3144	3440	213	-485	-46	122	131	8
-7484	-4772	13312	7	7	-9	-13624	-8760	1768	-82	6	137	-15808	1408	-3472	-90	6	113	-6680	5272	14056	354	8	105	-16040	3464	-1752	-55	-748	690	-15368	-3200	3472	196	-495	-60	122	128	8
-8052	-4840	13504	9	7	-10	-13440	-8848	1408	-99	10	144	-15552	1648	-3672	-121	20	123	-6960	5168	14368	342	35	71	-16248	3240	-1864	-79	-780	693	-15136	-3104	3408	175	-487	-77	122	130	8
-7712	-4532	13292	9	9	-8	-13968	-8848	1608	-97	12	154	-15608	1376	-4040	-131	28	125	-7744	5360	14168	374	27	49	-16208	3360	-1992	-80	-800	697	-14760	-3336	3416	194	-436	-84	122	131	8
-7320	-4396	13292	18	5	-7	-13672	-9032	1592	-109	5	167	-15656	1376	-3776	-135	34	131	-7792	5168	13936	373	64	2	-16064	3496	-2000	-66	-833	701	-14968	-3144	3664	203	-433	-83	122	132	8
-7492	-4920	13344	25	-3	-7	-13728	-8992	1520	-115	10	175	-15696	1400	-3696	-140	29	144	-8896	5400	14384	393	70	-25	-16096	3624	-1752	-60	-829	702	-14912	-3264	4368	248	-371	-60	121	132	8
-7564	-4584	13288	31	-1	-3	-13920	-8488	1608	-124	36	186	-15568	1640	-3608	-132	27	154	-9608	5448	14784	400	-37	-16	-15808	3712	-2488	-11	-813	690	-14408	-3192	4184	297	-338	-58	121	134	8
-7556	-4940	13264	25	3	6	-13784	-9008	1864	-125	59	188	-15720	1808	-3768	-130	50	162	-9632	5064	13896	355	-126	-66	-15640	4064	-2192	11	-821	681	-14136	-3312	4280	307	-268	-24	121	134	8
-7472	-4560	13556	28	12	22	-13832	-8976	1784	-120	93	196	-15792	1600	-3904	-118	59	167	-10536	5312	14368	392	-200	-113	-15360	3744	-2520	93	-768	676	-14256	-3344	4032	366	-193	14	121	134	8
-7480	-4572	13396	35	18	25	-14024	-8360	1568	-132	84	208	-15672	1752	-3872	-127	39	174	-11336	5296	14240	465	-381	-126	-15336	3776	-3024	171	-733	673	-14248	-3336	4568	389	-161	54	121	134	8
-7488	-4688	13532	35	17	20	-13992	-8568	1416	-157	68	222	-15616	1904	-3456	-133	38	172	-11688	4744	14048	519	-637	-153	-15080	3536	-2976	292	-687	668	-13960	-3440	4904	397	-155	95	120	133	8
-7392	-4412	13460	31	16	28	-14064	-8376	1464	-158	78	233	-15472	1560	-3464	-172	63	206	-10424	3312	12368	544	-793	-248	-15208	3072	-2896	436	-660	646	-14136	-3032	4680	403	-137	145	120	133	8
-7536	-4552	13404	30	11	21	-13952	-8440	1088	-156	93	254	-15448	1680	-3784	-162	74	214	-9768	2528	11544	601	-753	-427	-15064	3056	-2584	606	-643	602	-14128	-2344	4952	413	-115	191	120	133	8
-7716	-4532	13572	45	6	19	-14144	-8400	1336	-161	107	267	-15576	1448	-3992	-162	75	232	-10384	2264	11408	632	-694	-598	-14656	2752	-3048	702	-599	533	-13920	-2424	4920	441	-91	217	120	132	8
-7700	-4616	13468	53	2	26	-14040	-8456	1240	-170	119	292	-15600	1504	-3656	-161	90	255	-10896	2776	11048	601	-651	-712	-14632	2848	-2960	796	-540	462	-13752	-2344	4720	432	-59	229	120	129	8
-7408	-4668	13336	57	2	31	-14152	-8176	1248	-196	129	315	-15496	1672	-3600	-175	78	278	-10544	3040	10352	551	-559	-763	-14352	3080	-2744	802	-441	384	-13864	-2488	4568	450	21	252	120	130	8
-7552	-4572	13356	60	6	28	-14104	-8536	1280	-213	145	337	-15376	1608	-3648	-188	84	296	-10008	3320	9488	491	-419	-724	-13784	2856	-2512	713	-318	307	-14680	-2752	4976	325	38	219	121	127	8
-7588	-4552	13436	76	-4	44	-14032	-8272	1000	-192	177	354	-15568	1424	-3512	-172	104	311	-11872	-744	8216	-540	-109	-1019	-14016	1520	-3600	429	-112	235	-15512	-2624	5360	81	-53	137	121	122	8
-7820	-4556	13436	81	4	41	-14128	-7968	824	-203	200	389	-15632	1664	-3272	-163	93	337	-15080	-104	7920	-786	198	-1070	-14816	-72	-5352	392	99	-9	-15568	-2968	4768	-56	-124	41	121	125	8
-7528	-4628	13280	92	9	51	-14216	-8168	1520	-242	205	422	-15688	1424	-2848	-185	80	350	-13752	-4040	15840	-689	412	-549	-19672	-2368	3216	270	142	-255	-16304	-4392	8624	-333	-379	-42	121	127	8
-7432	-4400	13716	86	7	55	-14512	-8000	1392	-298	222	477	-16192	968	-2560	-197	24	349	-9560	5760	13520	-760	-104	-85	-16392	14264	-776	28	447	-90	-17760	-5768	8760	-734	-554	0	121	129	8
-7344	-4540	13644	79	82	76	-14168	-8736	1664	-337	261	539	-16920	760	-2448	-190	-22	335	-6920	3856	20840	-663	210	-285	-18288	6576	5016	-574	684	-317	-14304	-1608	7560	-891	871	411	121	132	8
-6900	-4408	13564	97	139	115	-14240	-8560	1776	-333	280	545	-17080	944	-1768	-182	-134	330	-7160	3120	12832	-204	-22	-179	-16184	1536	-1720	-466	909	-431	-14464	-3264	4440	-423	1307	438	121	122	8
-7876	-4460	13764	124	183	186	-14896	-8344	1224	-417	374	642	-16904	1160	-1296	-253	-267	328	-9304	4088	14696	-191	-98	-103	-13288	5464	-2792	-310	742	-342	-14776	-2816	1184	-61	990	293	121	121	8
-7316	-4752	13884	116	187	175	-15072	-8256	1456	-477	424	728	-17032	608	-784	-273	-446	297	-9208	5256	13712	-187	-259	-44	-13992	3480	-3832	-145	641	-319	-15200	-1656	80	424	500	244	121	131	8
-7436	-4744	14348	46	341	236	-15384	-8240	1616	-532	498	809	-17632	0	120	-286	-646	256	-7968	4016	13680	-216	-364	-22	-16088	3968	-3344	72	498	-254	-13504	-2592	4488	477	437	374	122	122	8
-6940	-4968	14012	19	488	266	-15192	-8528	1736	-565	567	881	-17904	-24	16	-226	-903	207	-7504	4752	15056	-170	-314	-2	-17128	4704	-880	237	368	-215	-13800	-3152	4552	518	519	413	123	140	8
-8724	-5728	14184	61	603	404	-16096	-8240	616	-658	655	922	-18344	504	1440	-193	-1173	185	-7712	4712	14768	-132	-194	-46	-16272	5536	-832	187	428	-185	-17048	-2432	3376	457	574	351	122	143	8
-8452	-3204	14684	141	782	613	-18016	-7672	1088	-740	705	976	-18544	1032	2112	-157	-1411	109	-7528	3744	14792	-69	-137	-19	-16488	4624	-1424	32	502	-196	-15992	-1728	3328	334	562	330	125	141	8
-5636	-4796	17504	107	1065	580	-20008	-7952	2720	-821	723	1119	-19648	1768	3048	-122	-1533	26	-7448	4992	14496	-41	-94	-31	-15368	5856	-1984	-27	525	-177	-16400	-1776	2216	143	570	282	125	141	8
-7620	-5804	16660	181	1332	728	-19064	-9128	2096	-798	838	1103	-20152	1928	3600	-161	-1635	-27	-6984	4472	14192	-15	-34	-44	-16392	4424	-2280	-81	521	-141	-16632	-2376	1216	129	590	305	124	141	8
-8436	-5948	16036	274	1673	959	-18904	-9504	928	-647	978	1145	-19392	896	3904	-181	-1663	-73	-7624	4936	14672	5	39	-67	-16704	3848	-3552	112	421	-98	-16632	-2440	768	360	586	327	123	146	8
-10448	-9468	16336	537	1954	1149	-17280	-11328	1576	-578	1059	1105	-18432	1240	2256	-235	-1441	-67	-7840	4224	14472	1	51	-59	-16048	4344	-3824	300	273	-50	-17248	-160	264	623	646	296	123	141	8
-10628	-7692	14688	1001	1963	1464	-17424	-9848	344	-520	1100	1025	-17888	1896	-40	-233	-799	-46	-7976	4120	14488	-3	57	-52	-15600	5168	-3568	304	187	-41	-16872	1152	504	683	649	319	123	148	8
-11504	-6948	14208	1230	1841	1622	-16232	-8456	-1560	-429	1175	1053	-17696	2128	-1032	-190	-727	-36	-8224	4160	14544	-24	27	-49	-15536	5120	-3376	202	151	-38	-16768	1208	1408	568	636	287	123	137	8
-13348	-7496	14520	1425	1624	1516	-17048	-7416	-2296	-194	1284	991	-16408	1400	-1936	413	-736	-94	-7816	4552	14584	-13	37	-34	-15816	5176	-3008	123	120	-53	-16376	-32	1448	277	627	299	125	129	8
-12300	-6724	13680	1891	1457	1299	-16592	-6808	-3824	-25	1331	917	-16352	2296	-2936	567	-589	-257	-7912	4296	14832	-6	34	-29	-15728	4472	-3184	106	108	-59	-16576	-768	1424	262	607	274	125	130	8
-6132	-6032	15220	1870	1153	711	-15600	-6208	-472	267	1345	874	-16840	2912	-4872	626	-662	-283	-7520	4680	14544	6	39	-21	-15184	5072	-3016	152	82	-47	-16264	-720	1296	322	644	212	127	123	8
-9376	-11760	11908	1304	1240	-741	-11552	-9016	280	695	1249	716	-16736	2280	-4832	772	-693	-358	-7920	4344	14208	-4	26	-23	-15360	4920	-3064	143	67	-47	-16648	256	1424	384	612	220	129	134	8
-3752	-12392	10656	1390	1013	-1447	-8056	-11696	1120	1323	1337	414	-16592	736	-4192	885	-638	-468	-7512	4648	14336	-3	51	-29	-15648	4944	-2504	107	54	-48	-16040	-672	864	321	618	241	129	126	8
-2576	-7344	10716	1409	896	-1596	-9856	-7776	1272	1914	1405	206	-16360	120	-4080	1201	-630	-588	-7864	4552	14352	-2	58	-30	-15504	4656	-3136	118	44	-59	-16504	16	784	362	638	221	130	126	8
-2892	-6412	11388	1164	708	-1659	-10624	-7064	1120	2055	1183	79	-15520	1072	-3288	1510	-679	-708	-7376	4312	14360	-11	37	-32	-15360	4816	-2784	79	25	-50	-16424	-88	400	352	645	221	130	121	8
-2876	-6028	12064	1101	457	-1706	-11792	-6392	1360	2085	812	-22	-15464	1816	-2792	1559	-759	-757	-7560	4368	14208	-26	17	-20	-15704	5056	-2712	79	-4	-59	-16256	16	112	349	622	212	128	127	8
-3400	-5268	13008	990	222	-1745	-12216	-6008	960	1977	342	-62	-15384	2320	-2512	1491	-802	-775	-8032	4304	15112	-28	29	-30	-15616	4488	-3008	72	1	-44	-16440	-1032	304	259	600	204	127	127	8
-4676	-5756	13956	839	-108	-1778	-12344	-6792	416	1851	-111	-93	-15376	2384	-2712	1490	-814	-780	-7456	3968	14024	-9	49	-22	-15784	4312	-2512	93	-1	-32	-16616	-1000	88	246	650	204	121	129	8
-5772	-6076	14104	723	-577	-1712	-12696	-7808	216	1803	-507	-164	-16312	2744	-1904	1351	-814	-766	-7704	4216	14264	2	48	-19	-15104	4920	-2256	68	17	-18	-15768	-1416	536	339	663	169	123	130	8
-6216	-6456	13716	602	-1028	-1582	-12904	-8080	-352	1788	-859	-259	-16304	2512	-1584	1292	-788	-789	-6848	4416	14344	1	55	-11	-15480	5000	-1808	72	33	-18	-16040	-952	792	366	610	138	123	134	8
-7116	-7376	13668	419	-1373	-1519	-13528	-8488	-504	1776	-1160	-354	-15872	2520	-1208	1304	-766	-808	-8064	4544	14232	13	93	-35	-15152	4920	-2504	118	70	-20	-16400	-560	1216	348	583	111	121	135	8
-8088	-8844	13636	336	-1624	-1600	-14088	-9480	-408	1852	-1387	-485	-15648	3048	-712	1333	-725	-770	-7688	4632	14200	26	88	-34	-15288	5256	-2328	124	94	-52	-16344	640	784	319	586	87	118	139	8
-8176	-9048	13520	324	-1650	-1629	-14384	-9816	-344	1985	-1497	-615	-15272	3776	-72	1337	-685	-729	-8448	4344	14104	8	72	-46	-15152	5320	-3464	109	129	-87	-16256	1208	288	265	540	91	111	138	8
-9272	-9636	12840	211	-1702	-1916	-14848	-9864	-496	2107	-1554	-750	-14776	3896	288	1329	-600	-722	-8136	4488	14304	-21	39	-56	-15208	4960	-3176	100	130	-110	-16288	592	72	177	553	93	105	138	8
-10004	-10264	13232	172	-1634	-2052	-15608	-11032	-656	2229	-1584	-897	-14456	4168	1112	1295	-472	-718	-7992	4344	14264	-18	33	-48	-15320	4520	-3208	129	128	-127	-16024	-144	-240	186	565	74	105	141	8
-10956	-10192	13696	141	-1532	-2156	-16840	-11392	-712	2355	-1584	-1030	-15024	3936	1872	1174	-343	-688	-7528	4472	14024	-17	40	-50	-15256	5208	-2440	123	134	-130	-16232	384	-240	271	614	71	106	140	8
-11564	-10004	13780	102	-1382	-2207	-17624	-11616	-464	2438	-1612	-1146	-15608	3040	2720	1032	-238	-693	-8040	4368	14344	-29	37	-65	-15632	5064	-3280	87	150	-160	-16304	888	-1224	289	671	62	106	144	8
-11900	-9728	13544	121	-1115	-2185	-18232	-11728	-560	2460	-1632	-1220	-15568	2352	3176	958	-146	-714	-8120	3880	14600	-38	42	-83	-15752	4464	-3560	103	126	-168	-16096	392	-1936	263	748	97	105	142	8
-12732	-8948	12856	192	-728	-2081	-18056	-11200	-1200	2462	-1643	-1279	-15656	1648	3456	922	-152	-737	-7600	4344	14344	-39	47	-77	-15696	4296	-3560	158	74	-164	-15848	248	-2456	383	856	79	93	150	8
-14248	-7332	12008	192	-419	-1911	-17384	-10408	-2008	2346	-1628	-1331	-15904	424	3192	895	-193	-766	-8040	4016	14296	-43	47	-75	-15800	4144	-3632	162	40	-157	-15848	712	-2944	399	940	70	89	146	8
-17316	-4420	12112	-43	-303	-1798	-17256	-9096	-2936	2098	-1565	-1285	-15016	336	3592	854	-245	-808	-8272	4296	14096	-25	35	-68	-15552	4216	-3864	172	14	-164	-15648	1192	-3056	401	999	52	96	141	8
-18448	-4164	10824	-140	-255	-1667	-16632	-8840	-3424	1846	-1386	-1183	-15248	-912	4560	861	-303	-834	-8152	4032	14120	-36	24	-67	-15584	4008	-3848	166	-11	-169	-15072	888	-2920	301	1024	90	100	139	8
-19812	-2772	9164	-17	-214	-1522	-16608	-8096	-4776	1716	-1127	-1059	-15920	-1968	4912	809	-330	-872	-7984	4328	14344	-45	-5	-55	-15296	4352	-3568	168	-43	-172	-14680	1232	-2216	155	1025	164	97	137	8
-21720	-248	7120	52	-176	-1504	-16704	-7552	-6688	1599	-832	-886	-16432	-3352	4864	770	-417	-863	-8032	4344	14264	-47	-2	-54	-15552	4648	-3368	149	-54	-183	-14920	1136	-1520	-112	854	260	94	134	8
-24604	2064	5308	50	-214	-1523	-15328	-4512	-9016	1285	-451	-629	-15488	-3624	4920	765	-512	-800	-7960	4032	14344	-63	-22	-72	-15656	4592	-3408	180	-79	-209	-14848	1344	-1128	-129	692	392	98	131	8
-24264	2064	2400	206	-336	-1452	-13536	-5264	-9616	1029	76	-416	-14928	-2224	4712	678	-600	-662	-7800	3760	14296	-82	-21	-70	-15696	4664	-2632	224	-74	-249	-15776	1288	-1304	13	744	446	104	130	8
-21500	2540	-1052	449	-187	-1068	-13144	-4936	-9232	789	575	-302	-15480	-1296	4728	524	-616	-481	-8184	4072	14528	-84	-16	-91	-15488	4616	-2456	254	-2	-296	-18336	88	-744	23	771	325	105	129	8
-19984	3476	-1160	149	263	-805	-13312	-4680	-9032	735	644	-291	-14856	-368	4024	425	-541	-304	-7952	4176	14568	-88	-4	-106	-15056	4888	-1808	265	83	-355	-18880	-984	616	48	693	164	113	129	8
-18984	1672	-428	-358	712	-732	-14080	-4352	-8808	-51	1052	-108	-14312	1784	2088	555	-315	-269	-8008	4208	14520	-89	9	-110	-14744	5048	-1288	294	214	-432	-17344	-1936	2568	187	680	112	123	128	8
-14268	-2444	8660	-170	997	-623	-15768	-5104	-5648	-480	1098	-52	-14136	3712	1128	420	110	-138	-8672	3608	14352	-92	14	-168	-14672	5280	-1360	344	359	-532	-16560	-1768	4112	356	675	100	118	128	8
-12472	7328	10464	1876	2119	509	-16512	-5648	1984	-211	1299	244	-14464	1832	488	104	213	-109	-6928	4976	13712	-102	64	-155	-14344	5296	-968	415	550	-661	-17432	-1424	5032	458	572	83	131	127	8
-32768	2124	32767	1812	232	1667	-17280	-9752	5808	-88	1016	140	-18440	-2136	5872	-294	-15	-295	-6656	6368	14304	-73	156	-205	-15504	7312	-424	436	764	-795	-18936	-1016	5352	509	384	0	132	127	8
-14080	-14156	5828	613	-367	496	-22928	-5536	-7352	-598	1837	186	-20376	280	5728	23	537	-96	-7832	5304	16392	-34	322	-342	-17144	5496	-192	368	1003	-912	-20912	-2928	4576	441	70	-108	138	127	8
-4252	7640	19920	225	-368	271	-25504	-6872	3128	-388	1310	85	-19192	2776	3712	202	1022	429	-7536	6088	15944	100	562	-458	-17912	4120	-936	487	1266	-970	-19560	-6208	4112	436	-138	-324	145	128	8
-8768	-5356	13056	43	-34	6	-14992	-8344	1760	-385	1289	-5	-15352	8992	1248	140	796	536	-9968	4600	16256	186	872	-616	-19440	2224	-1920	667	1470	-990	-20936	-6424	4072	460	-392	-552	141	131	8
-6992	-4684	13288	-79	114	-9	-13560	-7664	1168	-302	1252	-150	-14448	2760	-2256	-353	693	387	-6784	6560	17504	394	1610	-632	-23200	3304	-1296	914	1570	-1092	-21696	-7616	3200	440	-755	-769	142	130	8
-8328	-6192	13400	-121	117	-36	-13656	-10512	-1248	-364	992	-116	-15656	-3080	-5016	-615	652	296	-8392	4648	20904	310	2169	-946	-23992	4664	-2496	980	1832	-1083	-23536	-8184	3896	405	-1343	-968	148	127	8
-8596	-6332	13160	-25	55	0	-14424	-11360	-680	-309	738	-8	-16728	-2808	-4872	-514	670	208	-8040	5504	20376	168	2796	-1335	-24992	5040	-3208	997	2012	-991	-21024	-7360	544	414	-1882	-934	142	126	8
-8504	-5120	12964	45	15	9	-14824	-8984	-424	-469	417	103	-16488	-4432	-3560	-397	681	259	-12432	7392	18464	305	3174	-1643	-22608	4248	-4664	1330	1935	-955	-18840	-7752	-5704	414	-1062	-792	138	126	8
-7700	-4776	13276	74	15	23	-13584	-9920	568	-374	327	132	-17520	-2496	-1960	131	763	354	-15200	7824	20024	950	3304	-1925	-19336	3112	-6776	1657	1923	-785	-15728	-3232	-5608	1365	249	-410	138	128	8
-7120	-4492	13524	77	52	34	-14344	-9160	1408	-50	516	85	-16496	-712	992	370	778	307	-13456	7144	16056	1241	2943	-2242	-17904	2856	-7432	1908	1733	-631	-16552	-4720	-5600	1641	-90	-74	135	130	8
-7388	-4372	13976	17	119	2	-15576	-8088	1784	86	557	63	-16688	96	1776	488	757	523	-5920	7784	19192	1361	2575	-2301	-16352	2592	-6672	2105	1560	-519	-18928	-5472	-9816	1672	-421	18	140	133	8
-7612	-4632	13744	-45	182	-17	-14664	-8408	920	-90	384	45	-17560	1320	672	354	808	586	-11200	10992	29544	1297	739	-2535	-13544	2696	-504	2059	1020	-33	-18200	-7640	-12424	2057	-801	-129	141	135	8
-8152	-4988	13292	-53	198	12	-13952	-8960	856	-303	196	69	-16248	-808	-576	-15	746	544	7328	11792	16720	1097	-696	-2179	-11504	3160	5048	2285	338	597	-16544	-9464	-11280	2133	-1025	-165	135	137	8
-7900	-5368	13040	-27	187	40	-13480	-10424	160	-371	108	129	-16512	-2600	-1904	-227	704	554	9232	9184	13120	1537	-861	-1662	-9744	2672	5576	2266	-164	1073	-14840	-6752	-9272	2252	-969	-177	121	137	8
-8108	-5124	12892	6	159	58	-13288	-9720	-48	-218	176	181	-15464	-2960	-1528	-111	704	640	7680	10976	15512	1909	-1035	-958	-10312	5176	5512	1841	-613	1505	-16088	-4064	-7656	2157	-887	-170	121	129	8
-8228	-5096	12972	50	121	78	-13576	-9064	272	-141	201	209	-15768	-2264	-1544	65	753	661	5424	8368	18040	1878	-1379	-409	-12160	4616	5112	1209	-966	1875	-17312	-1632	-6672	1905	-966	-165	119	130	8
-7900	-4928	12984	69	103	96	-14000	-9408	352	-147	171	238	-16056	-1328	-808	201	747	705	3080	5656	20216	1919	-1741	-65	-14584	2768	4280	705	-1300	2122	-16624	-568	-5424	1449	-1240	-68	120	139	8
-8096	-4668	13204	70	95	100	-13952	-8552	560	-198	108	269	-16032	-928	-720	311	727	715	-320	4464	21632	1871	-2124	201	-16456	776	2704	440	-1663	2284	-15520	-904	-5000	1067	-1422	-64	123	139	8
-8044	-4764	13032	82	88	109	-13336	-8840	224	-197	107	296	-15544	-1232	-688	409	693	704	-2456	2912	21144	1781	-2464	389	-17376	-224	1368	365	-2032	2410	-14656	-2272	-4440	757	-1505	-121	124	140	8
-8096	-4560	12932	100	65	122	-13568	-8712	344	-138	173	332	-16136	-1816	-944	477	659	741	-4536	1312	20560	1802	-2645	416	-18040	-504	-72	446	-2330	2506	-14104	-1680	-3848	801	-1512	-224	126	138	8
-8180	-4584	13016	118	41	133	-13712	-8512	-48	-123	209	369	-16024	-1560	-1032	500	657	739	-6320	464	20384	1859	-2710	278	-18720	56	-728	624	-2599	2562	-12784	-1536	-3616	996	-1434	-350	130	138	8
-8272	-4316	13232	134	8	123	-14200	-8144	440	-139	218	413	-16080	-368	-176	549	582	721	-7440	56	19944	1912	-2641	-30	-19672	80	-1584	824	-2782	2630	-11688	-2136	-2112	1181	-1265	-402	126	134	8
-8364	-4488	13292	144	-9	126	-13672	-8504	264	-164	222	445	-15448	8	-616	521	555	670	-9608	-48	20888	2086	-2434	-315	-21552	-336	-2280	1067	-2904	2644	-11784	-2104	-2176	1221	-1207	-392	127	130	8
-7876	-4624	13260	152	-5	141	-14264	-8568	928	-178	252	489	-15920	112	72	423	556	737	-12304	1304	20496	2128	-2270	-476	-22080	-592	-3128	1186	-2946	2664	-13232	-2016	552	1500	-1025	-202	128	127	8
-8020	-4304	13396	160	34	166	-14432	-8232	632	-221	268	525	-16376	-104	224	319	576	776	-11280	832	18360	1958	-1926	-573	-22472	-1048	-3104	1154	-2965	2608	-14608	-2344	1344	1721	-1020	-43	126	126	8
-10520	-5828	14808	151	57	220	-14760	-8528	152	-259	292	570	-17912	-112	-424	174	558	801	-15624	-1056	18848	2041	-1527	-483	-20976	-1880	-5000	1149	-2903	2447	-15072	-1872	3032	1659	-1044	203	128	123	8
-7948	-4604	13756	140	170	214	-15048	-8664	432	-258	341	626	-17928	824	-1472	112	428	813	-18880	-1976	17616	1953	-1394	-343	-19896	-1408	-6024	987	-2731	2215	-16144	-80	3112	1506	-1067	351	127	124	8
-8420	-4228	13864	107	231	254	-15968	-8416	-112	-312	319	684	-16152	1192	-552	86	380	805	-22560	-5160	15952	1643	-1365	-332	-19080	-3528	-7936	873	-2432	1851	-15104	-472	4360	1437	-1071	343	125	131	8
-8216	-4544	13644	87	307	298	-15416	-8432	216	-362	286	744	-16360	72	-104	26	536	904	-25480	-8688	13936	1352	-1611	-302	-17760	-6176	-9288	681	-1959	1433	-12600	-216	6792	1220	-1068	391	122	148	8
-8532	-4424	13672	122	391	357	-15352	-7792	168	-405	308	795	-16240	48	1072	-17	682	1074	-23816	-9640	6432	904	-1669	-231	-16096	-6432	-9112	608	-1550	947	-11480	-96	5528	876	-731	386	115	139	8
-8800	-4124	13820	168	480	382	-15616	-7232	864	-463	366	872	-16256	-576	2496	-72	765	1100	-24424	-12280	2264	-62	-1175	-593	-12800	-7520	-10504	295	-895	514	-10176	-3104	5184	472	-234	261	111	130	8
-8584	-2080	14512	105	643	362	-16216	-7776	1200	-422	484	948	-18472	-1048	2152	-29	612	1077	-26880	-9056	-2032	-599	-682	-595	-10912	-8504	-12072	99	-84	45	-9216	-5576	2112	-300	277	-47	106	124	8
-9124	-3488	14328	116	792	381	-15800	-7576	1472	-464	615	1065	-18496	-2104	1440	114	104	995	-29728	-13736	-8984	-1324	60	-1164	-11064	-7416	-16200	-2	718	-305	-9016	-5128	3696	-1287	617	53	106	115	8
-9228	-4588	15244	147	993	483	-15976	-8144	1744	-499	791	1196	-18736	-3720	3656	492	-253	766	-15568	3096	19496	-709	2034	-658	-24640	2856	7928	541	550	-932	-10216	-1936	9416	-869	862	146	107	116	8
-8816	-5260	16192	277	1377	594	-18264	-10408	2568	-456	1024	1389	-21096	-5056	5696	801	-712	527	-16568	13152	13488	-2057	30	-866	-18672	25424	-3440	-432	1336	-162	-32768	-1256	7416	-975	-35	214	111	119	8
-9428	-6696	17152	541	1927	881	-20472	-12440	2928	-314	1354	1576	-24544	-6832	9200	1016	-1314	271	-4600	-11944	20376	-792	-386	-505	-29560	-5600	424	-1717	2176	-1114	-18824	-7240	2712	-1392	882	869	116	125	8
-12776	-10092	18348	593	2470	1156	-21560	-13864	6128	-391	1638	1786	-24128	-5896	13304	1337	-2533	-51	-10912	2800	18216	-236	107	-310	-14504	2248	-6704	22	1817	-721	-7872	-14728	432	-517	1225	807	118	111	8
-11812	-10428	19704	890	2997	1802	-22816	-15792	6336	-793	1824	1866	-23720	-5568	14024	1340	-2790	-100	-8360	3888	14736	-76	32	-113	-14376	-360	-5776	786	1149	-451	-9864	-7128	-4664	1825	761	459	118	120	8
-14652	-11852	19008	1270	3418	2613	-24408	-17752	4288	-834	1867	1850	-20432	328	-416	197	-879	-81	-7424	5632	14304	-10	18	-79	-16264	5848	-4664	1101	848	-244	-17392	3944	-8056	2893	835	399	119	128	8
-15276	-9412	19692	1599	3733	3099	-22576	-14280	1096	-744	1574	1908	-21528	80	-4928	458	-1095	-82	-7840	4792	14568	-31	29	-98	-15520	6736	-4352	685	730	-176	-17960	7848	-4104	2296	1026	446	121	120	8
-14704	-11644	16664	1622	3737	3349	-15976	-15016	-16	-725	1176	2017	-21136	64	-9232	526	-595	-68	-8448	5088	14712	-41	17	-90	-15672	6864	-4280	474	625	-199	-19280	11792	-1784	1117	927	174	122	128	8
-24280	-16700	15768	1896	2845	3029	-13320	-12432	-6208	-233	1563	2045	-21224	1976	-8504	789	-630	-275	-7440	4840	14752	-61	-13	-78	-15960	7184	-2912	245	541	-213	-17208	3928	-72	-130	747	359	123	130	8
-10640	-23728	12872	4141	1456	2589	-10360	-11152	-9360	676	2023	1577	-19496	2208	-5680	1008	-988	-641	-7176	4784	15232	-66	11	-84	-16160	5632	-2400	82	545	-210	-16624	-1792	1792	-425	674	548	129	124	8
-18828	-17972	14244	4156	743	-834	-12536	-7720	-2296	1933	2206	1076	-17920	-856	-6168	1068	-1106	-904	-6624	4256	15464	-31	68	-70	-16992	4448	-1616	242	470	-192	-16792	-3112	1944	142	780	356	140	116	8
-2332	-12720	8052	3029	868	-2570	-8008	-13192	1832	2679	2147	878	-18064	-2368	-7224	1464	-1329	-1307	-6808	5016	14432	5	136	-54	-15656	5960	-2736	406	393	-197	-16536	-1264	1056	735	881	246	143	110	8
-2452	-9340	8232	2620	792	-2749	-5168	-9392	-416	3099	2035	479	-17648	-344	-5912	2113	-1464	-1447	-6952	5064	14344	1	183	-86	-14936	6104	-3184	393	344	-196	-16816	2168	-272	1006	923	227	144	114	8
-2912	-7100	10048	2288	272	-2570	-5768	-7928	-1336	3295	1608	234	-16536	768	-5008	2215	-1379	-1447	-7504	4536	14216	-8	164	-93	-14664	5704	-4288	349	279	-188	-15616	2520	-1752	983	951	217	143	125	8
-3428	-6084	10956	1911	-425	-2344	-8192	-6648	-1096	3253	952	41	-16720	992	-4768	2130	-1264	-1395	-7528	4424	14544	-32	104	-83	-15160	5208	-4216	250	209	-172	-15904	2304	-2032	830	964	215	139	127	8
-4236	-5492	11428	1517	-1172	-2202	-8760	-4592	-1032	2936	160	-13	-16656	1384	-4960	2092	-1186	-1350	-7624	4672	14576	-40	51	-65	-15616	4928	-3744	233	147	-130	-16560	272	-1808	638	964	251	133	129	8
-5208	-6248	11712	1162	-1866	-2193	-9328	-5248	-1200	2547	-584	-31	-17040	2344	-5128	2100	-1196	-1336	-7264	4384	14616	-23	55	-53	-15992	4448	-2792	239	119	-75	-16264	-1200	-1448	666	1072	380	126	132	8
-5940	-7448	11264	1016	-2496	-2248	-10136	-7272	-1112	2392	-1240	-62	-17608	2224	-5736	1936	-1220	-1398	-7608	4384	14672	5	61	-47	-15128	4872	-3016	272	124	-46	-16216	-536	-1016	897	1189	323	120	122	8
-7220	-7888	11112	921	-2935	-2237	-10488	-8360	-1728	2261	-1841	-89	-16024	872	-5832	1678	-1215	-1374	-7448	4568	14632	17	80	-46	-14976	5432	-3112	268	135	-48	-15984	2160	-424	865	1161	301	114	118	8
-9208	-9648	10924	806	-3387	-2214	-10488	-10136	-2904	2220	-2366	-186	-14672	768	-6168	1685	-1146	-1357	-7080	4840	14640	10	73	-52	-14736	6248	-2592	266	147	-68	-16272	3336	-568	621	1127	235	115	121	8
-10136	-10928	10616	699	-3736	-2184	-11184	-12016	-3320	2437	-2764	-371	-14552	1736	-5656	1819	-1016	-1408	-7592	4912	14536	4	59	-59	-14680	5984	-3032	195	196	-102	-16048	3048	-280	299	1084	205	111	122	8
-12172	-12916	10524	511	-3905	-2245	-12680	-13304	-4600	2777	-2843	-641	-15368	4384	-5264	1886	-909	-1366	-7568	4984	14392	-14	56	-67	-15080	6312	-3280	131	223	-131	-16112	1920	-120	132	1095	224	111	121	8
-13956	-14808	10912	379	-3852	-2514	-14056	-13712	-4888	3206	-2862	-970	-14008	6736	-3904	1731	-859	-1205	-7384	4584	14536	-25	52	-89	-15512	5536	-3344	132	239	-177	-15448	584	-232	210	1166	279	118	122	8
-15072	-15220	10820	308	-3491	-2876	-16640	-13808	-4464	3497	-2764	-1289	-12952	7952	-1840	1625	-759	-1120	-7432	4400	14392	-27	63	-101	-15400	5520	-3368	234	221	-197	-16464	-376	-736	341	1308	374	117	126	8
-16540	-14768	12460	160	-2894	-3159	-18632	-14560	-4568	3622	-2701	-1485	-11400	7864	-232	1385	-554	-981	-7280	4728	14416	-32	82	-122	-15368	5184	-3544	284	227	-224	-16552	384	-1576	474	1194	358	114	127	8
-20292	-15744	15332	8	-2554	-3391	-19984	-16120	-6008	3591	-2646	-1623	-10864	6320	2568	980	-217	-784	-7352	4512	14640	-31	94	-139	-15488	5264	-3440	313	215	-240	-15304	-440	-1520	346	942	453	123	126	8
-21268	-15244	15404	-74	-2502	-3487	-20504	-16784	-6304	3587	-2619	-1816	-12544	2832	4512	617	27	-765	-7568	4392	14552	-39	113	-157	-15640	4872	-3512	358	227	-260	-15408	288	-416	490	817	507	125	123	8
-23232	-13880	14820	-318	-2211	-3400	-21160	-16112	-7768	3385	-2680	-1857	-14632	-1160	5176	568	226	-927	-7632	4528	14512	-32	146	-182	-15008	5136	-2936	463	262	-266	-16040	712	880	629	649	532	124	122	8
-27788	-11328	12264	-518	-2070	-3364	-20208	-13416	-9544	3014	-2511	-1961	-15992	-2712	3048	1034	433	-1214	-7368	4600	14224	-25	156	-199	-14208	5944	-1824	442	387	-294	-16800	1864	88	531	613	469	119	122	8
-28656	-6164	8336	-694	-1831	-3185	-19120	-10560	-10864	2575	-2143	-1865	-16096	-3200	3040	1165	447	-1256	-7872	4176	14368	-19	172	-250	-14360	6520	-2520	325	575	-366	-19592	2112	144	338	658	228	112	123	8
-29640	-268	5340	-911	-1294	-3081	-21160	-6552	-13416	2219	-1640	-1720	-12664	-3088	10448	1884	81	-987	-5176	4856	14248	-49	246	-212	-15496	5192	-3328	361	684	-444	-16736	424	1040	239	775	172	111	125	8
-32564	4672	1024	-1029	-647	-2926	-18880	-4704	-15824	1638	-1290	-1333	-14392	-3288	9904	1307	80	-660	-8832	5272	14456	-14	219	-313	-14608	5360	-3712	474	751	-502	-15320	-584	1696	374	840	269	106	127	8
-32768	7100	-4880	-689	-184	-2252	-13512	-1760	-18128	1087	-430	-966	-15816	-4144	9504	830	-207	-494	-8288	4592	14208	-5	259	-357	-14288	5664	-3944	517	909	-556	-15864	-1152	2056	543	750	310	114	129	8
-32768	19756	-1284	-422	313	-1343	-15880	1088	-14360	551	645	-521	-14264	-6728	11040	459	-455	-234	-8152	4640	14696	26	285	-439	-15344	5304	-4112	624	1081	-636	-15904	-1624	1272	755	681	335	118	127	8
-32768	11500	-9996	89	2048	-994	-18672	3344	-14248	133	1534	25	-15464	-5008	8808	702	-116	-162	-6648	4928	14968	50	444	-564	-16184	5504	-3984	747	1147	-647	-17104	-872	488	952	672	295	124	54	8
-9476	1336	3512	1119	4154	-1042	-16784	-10088	3976	-95	2324	762	-19304	-576	3720	1202	153	-363	-5728	4216	17456	15	630	-669	-18600	3480	-3368	903	1245	-708	-17328	-600	344	981	655	284	121	53	8
-7676	3156	32767	1035	3477	1165	-19912	-16536	11888	1487	2077	-61	-28592	-1392	8504	1306	174	-409	-8208	4456	16040	-11	1152	-573	-19424	5016	-3376	874	1391	-873	-22168	-1024	4032	878	1	134	111	63	8
-25000	8996	25492	268	2388	2040	-29904	7648	-3856	409	2936	479	-25248	-3472	23584	1078	-958	-348	-7808	3120	16736	113	1755	-620	-20144	5488	-2816	695	1747	-966	-21352	-2856	5840	431	-491	-121	131	73	8
-14488	-13052	14760	11	1696	1356	-26520	-9048	3048	-1417	1724	386	-11048	7368	-40	-318	1287	1044	-7512	4848	18360	252	2568	-824	-24104	4856	-5072	716	2007	-1009	-24736	-5424	6808	-58	-1012	-362	139	79	8
-20648	-21660	7788	612	1081	914	-8896	-15368	-7984	-1462	1362	191	-13880	10072	-8104	-435	594	299	-9144	8168	19360	159	3604	-1180	-26672	6744	-4736	1155	2223	-858	-25840	-7768	6752	-422	-1437	-723	146	90	8
-14112	-3548	18104	1130	868	957	-15552	-5824	-3256	-540	1240	-62	-12240	680	-10008	-1038	324	117	-11144	7592	19376	201	4589	-1850	-28072	8128	-3432	1636	2425	-626	-22448	-10128	1376	-190	-1087	-1065	127	93	8
-11304	-8052	13304	495	23	409	-17216	-9048	-2992	-488	1387	135	-18936	-3056	-9176	-410	765	121	-8752	9216	22952	644	5393	-2569	-28512	8984	-3216	2115	2452	-419	-17672	-15192	3736	826	-948	-734	120	99	8
-8856	-2648	15768	468	-81	276	-19904	-8480	-280	32	1173	65	-22352	1096	-4232	36	1060	236	-11320	8544	21936	674	5480	-2662	-25992	3800	-7048	2918	2248	-271	-22560	-12296	-2888	2409	-525	-679	131	105	8
-7952	-4504	14104	176	-22	35	-19160	-6408	2280	-350	693	119	-16528	2784	288	373	953	339	-18640	8864	20472	2486	5278	-3200	-22912	3000	-6488	3567	1905	-129	-24432	-5616	-10144	3657	-206	-755	136	111	8
-7876	-4400	13900	22	49	-17	-15088	-6696	1992	-581	379	-1	-16288	2056	1912	362	1090	425	-23776	7240	22888	3534	4365	-2968	-15832	1080	-9760	3555	1630	-81	-22688	-4856	-14288	3901	-219	-504	141	122	8
-7360	-4764	13652	-113	145	-44	-14152	-9008	2184	-520	339	-107	-17728	1656	728	88	1046	512	8984	3968	23888	3962	2271	-2736	-12968	3568	-5392	3473	1237	200	-20576	-5928	-13720	3668	-612	-153	146	122	8
-7760	-5548	13024	-128	162	-38	-13992	-10112	1392	-258	484	-154	-16376	-2688	392	-204	930	573	-8784	26720	23224	3395	-49	-2400	-8400	400	-3600	2962	850	706	-18000	-6096	-12368	3322	-880	130	145	126	8
-7704	-5820	13012	-95	161	-26	-13928	-10056	1664	-156	468	-63	-15704	-3696	-688	-168	986	689	2816	20216	15688	1525	-1427	-1008	-7224	4592	4792	2210	287	1457	-18312	-3808	-12552	2926	-1269	233	137	128	8
-7788	-5944	12696	-42	130	-19	-12968	-9320	1368	-263	352	45	-15280	-3680	-920	-222	1025	708	11400	7992	9248	1168	-1267	252	-6192	4832	6944	1220	-99	1772	-15752	560	-11256	2436	-1542	246	136	132	8
-7872	-6000	12652	32	77	18	-12912	-9552	1032	-451	177	142	-15056	-4032	-1048	-245	1024	740	9632	3800	10720	1908	-831	1096	-5992	3568	5384	461	-516	1987	-13976	912	-9736	1924	-1487	265	133	232	8
-7796	-5456	12920	91	2	31	-13616	-9336	1624	-428	122	223	-15664	-2664	176	-131	996	750	3624	5680	16800	2022	-1049	1490	-7056	2704	2776	-211	-918	2245	-13344	1728	-9912	1624	-1555	206	129	227	8
-7788	-4828	13324	93	21	40	-14128	-8896	1808	-209	250	247	-16616	-720	656	-20	998	827	-1160	3728	20480	1601	-1849	1654	-9168	624	1184	-820	-1427	2516	-12824	2688	-8608	990	-1701	269	129	201	8
-7996	-4592	13388	49	55	-2	-14552	-8232	1320	-11	380	253	-16024	336	1296	2	1003	934	-3784	1080	21544	1437	-2726	1811	-12408	-1016	944	-1121	-1968	2706	-12376	2816	-8208	426	-1769	225	129	186	8
-7900	-4732	13256	21	68	-37	-14408	-8288	1792	31	404	282	-15896	-128	1000	36	1012	970	-5000	-480	20456	1394	-3339	1917	-15328	-1144	1160	-1113	-2514	2748	-11440	1312	-8552	-267	-1846	153	132	176	8
-7832	-5188	12964	-10	74	-39	-14064	-8880	1624	-119	273	320	-15744	-592	96	179	1030	966	-5056	-872	20432	1385	-3408	1911	-16272	-1960	-200	-1023	-3033	2705	-10408	-272	-7512	-582	-1870	55	130	166	8
-7860	-5172	13000	4	72	3	-13936	-8944	1192	-253	155	348	-15416	-824	32	266	1016	1052	-10224	-1920	21480	1385	-3890	1565	-16680	-2064	-680	-988	-3114	2702	-9512	192	-7440	-508	-1629	-135	127	160	8
-7612	-5244	12828	17	71	43	-13792	-9248	1520	-268	95	398	-15376	-376	-376	372	1068	1052	-10664	-1720	21856	1388	-3935	1513	-20248	-2208	-2944	-68	-3980	2713	-8544	96	-6800	-264	-1295	-262	131	155	8
-7604	-4856	13096	28	94	86	-14528	-8408	1560	-224	151	425	-15768	-248	192	496	1137	1091	-14808	-1896	23064	1780	-4079	762	-21736	-1352	-3944	441	-4268	2845	-8400	-440	-4528	179	-948	-217	133	151	8
-7892	-4832	13188	9	112	106	-14648	-8600	992	-248	151	417	-15768	-224	-176	500	1150	1118	-17984	-912	25616	2220	-4070	343	-24448	-144	-4464	893	-4445	2979	-9504	-808	-2472	811	-770	-214	134	152	8
-7840	-5092	12812	-15	86	158	-14392	-8216	1568	-353	117	416	-14584	40	-200	249	1586	1292	-15016	-8208	26912	1748	-4379	-424	-26992	2184	-6768	1097	-4432	3161	-12288	-1704	1216	1332	-826	-290	132	145	8
-7904	-5084	13156	-26	128	172	-13984	-8720	1568	-394	148	476	-14568	-1008	824	66	1888	1373	-24680	-4048	26448	2453	-3709	-1176	-28536	-4896	-8352	1812	-4458	2911	-16264	-5584	4736	1598	-793	-238	120	138	8
-7840	-5188	13008	-47	173	181	-13920	-8424	2320	-411	240	564	-17160	-296	1576	155	1743	1264	-30816	3136	15176	1691	-3318	-1577	-27752	-1312	-7264	2437	-4296	2904	-19448	-9080	11864	1967	-1067	-221	122	137	8
-7868	-5400	13084	-41	186	215	-12944	-8880	3272	-459	364	670	-21512	-1320	-2432	188	760	1078	-30152	-17440	16664	2411	-3351	-1742	-25112	-7152	-9840	2798	-3876	2134	-19896	-2296	12952	2521	-1138	-53	124	141	8
-7676	-5428	13448	-31	263	294	-14080	-9048	3408	-479	588	785	-21056	-2272	2896	567	405	835	-31848	-15112	11704	2415	-3027	-1918	-21192	-5504	-11432	2673	-3262	1450	-15152	3096	12592	2822	-992	361	122	140	8
-8052	-5816	13388	-36	414	342	-14640	-8264	3192	-597	736	896	-19928	288	5984	412	462	714	-32768	-8776	2656	1167	-2936	-1554	-15304	-3888	-11584	1689	-2266	658	-8320	640	9520	2572	-419	427	120	146	8
-7636	-5012	14028	-48	537	383	-15504	-7696	3520	-736	907	1027	-19832	704	6496	-138	301	705	-28184	-9488	-9320	-113	-2161	-1480	-9384	-6400	-11176	788	-1000	292	-10312	-8000	9648	1690	239	-274	118	150	8
-8624	-4924	14196	-121	777	476	-15120	-7512	3208	-839	1063	1137	-18376	-1152	6392	-589	33	697	-28680	-5680	-12448	-690	-559	-909	-11624	-5152	-12704	496	271	-163	-16568	-10680	6984	-261	257	-866	116	141	8
-8300	-5368	15380	-181	1070	554	-15336	-9040	3928	-890	1308	1308	-17920	-3024	6656	-138	-436	518	-12144	-26760	-7120	-1154	1463	-477	-19728	-8280	-15136	-358	1332	-1042	-19272	-4776	8688	-1660	-32	-173	112	132	8
-7316	-6820	16260	-99	1117	562	-18928	-10248	4136	-837	1636	1529	-17736	-3808	6424	-52	-533	488	-16448	4160	32767	-960	1723	-1326	-28272	18192	15184	234	657	-912	-23680	-4600	5776	-2786	-817	331	115	122	8
-8560	-8088	19468	226	2397	1085	-23768	-14368	4576	-750	1949	1803	-25240	-11432	8800	594	-1994	92	-32768	32767	26528	-1905	1334	-1282	-18696	7672	-6344	-494	1761	-1100	-17456	-5880	4880	-1295	975	554	122	98	8
-10648	-12108	20528	454	3333	1721	-26328	-18368	6288	-806	2147	1959	-27088	-13696	14400	854	-3676	-349	-9336	-16336	27008	-1667	739	-572	-18392	4040	3088	-975	1916	-1000	-16176	336	-744	-39	1409	224	125	92	8
-10556	-16232	21656	711	4625	2498	-29368	-21736	9616	-817	2202	2120	-21656	-6536	9120	-756	-2303	-238	-8224	13176	12896	-410	376	-526	-19072	-3432	-7216	19	1689	-1009	-10864	-6200	-3616	533	766	303	126	120	8
-15404	-13372	20700	1032	5586	3566	-25040	-19864	2816	-660	2088	2238	-25288	-8072	-9528	1417	-1179	-202	-8104	-944	15784	-499	97	-353	-15504	2664	-5048	772	944	-570	-12176	1216	-5760	2247	1018	431	127	118	8
-27824	-22072	20912	1855	5032	4208	-15440	-24344	-752	-978	1901	2465	-22880	-7376	-10904	1334	-910	-342	-9672	6184	13792	-240	-41	-204	-16112	5216	-6136	998	743	-514	-18216	4744	-6520	2698	888	240	130	117	8
-23500	-25324	11660	2233	3557	4570	-10272	-23576	-6824	-116	2110	2416	-21856	3424	-12208	2199	-895	-498	-8560	3648	15032	-185	-60	-168	-16424	5528	-3464	852	497	-429	-17560	6200	-2240	1718	1059	286	127	120	8
-19988	-32768	14212	3551	1814	3771	-9776	-17464	-9056	1095	2895	1778	-20736	1336	-6152	2030	-1479	-902	-7880	4224	14688	-105	-11	-117	-16360	6168	-2568	659	473	-404	-18544	5432	-1976	681	997	42	128	128	8
-23232	-29712	5828	6368	1434	1087	-10224	-6880	-2408	2767	3159	754	-20728	24	-8448	1631	-1410	-1368	-8384	4624	14752	-58	22	-99	-15760	6952	-3392	359	461	-366	-16216	880	-896	183	1036	328	125	125	8
-540	-13600	10812	4074	367	-2833	-9912	-7328	1152	3331	2793	626	-20784	-6720	-9760	1684	-1371	-1524	-8128	4224	14480	-19	45	-81	-16104	4848	-3248	232	399	-318	-16432	-400	-1488	375	1114	272	134	115	8
4716	-8272	7952	2334	528	-3641	-5136	-8328	3408	3469	1846	437	-19928	-2096	-10168	2283	-1318	-1552	-7936	4464	14312	6	39	-63	-15800	4736	-3720	426	247	-263	-16136	-560	-680	794	1201	166	136	117	8
3416	-7232	8336	1647	304	-3223	-920	-7928	1240	3297	1024	335	-17608	3016	-8640	2234	-1261	-1476	-7688	4888	14048	-35	47	-76	-15384	5968	-3088	517	127	-231	-16120	216	-1072	1111	1272	187	132	123	8
2536	-7452	8608	1634	213	-3091	-3720	-7224	-184	3031	164	51	-16536	2592	-7200	1784	-1129	-1415	-7840	4824	14056	-59	24	-99	-15504	5824	-3264	540	53	-229	-16376	1352	-1232	1325	1326	185	128	132	8
-4296	-6080	12400	1651	-1566	-1827	-7192	-5912	-1144	2707	-670	-47	-15160	1784	-7480	1746	-1028	-1429	-8256	4544	13992	-66	10	-111	-15072	6400	-3160	566	-20	-227	-16216	2128	-1184	1339	1372	83	123	115	8
-5980	-7188	12724	1205	-2595	-1770	-9072	-6128	-1736	2555	-1389	-61	-15016	1648	-7352	1823	-1194	-1495	-8080	4152	14288	-83	-13	-113	-14736	6192	-2296	392	6	-225	-15384	-288	-192	1098	1403	191	125	117	8
-7008	-10084	11764	1041	-3328	-1981	-9224	-7584	-872	2591	-1953	-150	-13920	2672	-6840	1908	-1263	-1355	-7648	4368	14376	-61	-4	-99	-14704	6136	-1624	332	79	-230	-15888	-440	784	1243	1521	165	121	111	8
-7688	-10832	10496	1064	-3722	-2305	-10464	-8760	-640	2732	-2356	-229	-14000	3456	-7520	1914	-1181	-1357	-8000	4544	14016	-61	0	-102	-15064	6432	-1896	293	169	-265	-15968	1120	2120	1281	1581	207	117	113	8
-8348	-11532	9880	1038	-3846	-2586	-11368	-10224	-1000	2812	-2884	-316	-13032	5048	-8072	1953	-1135	-1342	-8152	4904	14344	-77	-48	-137	-14696	6608	-2272	420	213	-333	-15728	2440	2176	1085	1533	179	122	109	8
-10532	-13292	10848	1000	-3869	-2738	-12200	-12336	-2304	2962	-3286	-560	-11352	6064	-7448	1981	-1026	-1225	-7936	5224	14192	-122	-72	-160	-14312	7304	-2336	481	236	-374	-15152	2744	2256	794	1518	209	111	113	8
-14044	-14804	12616	785	-3962	-2925	-13576	-14504	-3744	3360	-3423	-927	-11488	6360	-7504	1976	-979	-1208	-7976	4208	14312	-160	-86	-189	-14480	6528	-2280	336	346	-443	-17360	1392	1608	507	1492	214	102	119	8
-16900	-17052	13432	565	-4019	-3029	-14176	-14608	-3872	3436	-3439	-995	-9664	8128	-6824	2146	-232	-805	-7648	4440	14416	-162	-74	-196	-15184	5984	-1752	302	409	-511	-17472	1448	192	386	1307	133	97	122	8
-19380	-17636	14736	435	-3768	-3098	-20424	-15696	-4536	4153	-3333	-1751	-9144	10184	-4072	2249	146	-464	-8000	4104	14320	-164	-24	-224	-15224	5056	-2800	300	492	-526	-15496	-520	-528	121	1047	201	99	125	8
-25872	-19872	18008	249	-3438	-3524	-25448	-17808	-6608	4376	-3138	-2024	-11512	9648	2240	2325	-60	-281	-7648	3944	14448	-153	1	-246	-15416	4648	-3136	317	507	-515	-14224	-1544	-712	137	1045	359	105	63	8
-30880	-20264	18204	212	-3254	-4362	-28000	-18800	-7224	4556	-2974	-2029	-14888	4784	6104	2045	-612	-325	-7952	4184	14216	-136	56	-263	-15616	4648	-2552	395	524	-507	-14312	-1800	1112	193	888	579	114	50	8
-32768	-12880	14736	165	-2792	-4906	-25704	-15128	-8992	4277	-2940	-1943	-17280	832	8376	1387	-341	-896	-10304	4560	13784	-110	84	-330	-14640	5784	-1904	483	605	-526	-17000	-40	648	411	871	593	121	51	8
-32768	-5960	7116	-107	-2370	-4421	-22816	-14232	-14216	3423	-2630	-1674	-19000	-2312	13440	1062	259	-1366	-7848	4352	14248	-160	144	-358	-13976	6824	-1424	461	793	-607	-21616	2344	688	696	877	265	116	65	8
-32768	1248	-884	-357	-2197	-3091	-21296	-9432	-20552	2531	-1863	-1569	-17576	-1888	15864	1451	-144	-1341	-8040	3784	14672	-133	247	-419	-16080	5384	-2520	407	994	-716	-16776	632	2344	97	678	154	112	63	8
-32768	14968	-9496	-1416	-1801	-1732	-21112	-8072	-21272	2285	-1832	-1520	-14600	-11320	22040	1247	-855	-581	-7648	4176	15064	-110	353	-445	-14872	4888	-2528	403	1145	-796	-14504	664	3904	396	984	194	79	62	8
-32768	13664	-17096	-1534	-943	-465	-11392	2392	-24856	-797	-511	-361	-18648	-1496	15648	-62	-236	-466	-8208	4096	14648	-85	467	-445	-14632	5960	-2880	400	1385	-910	-14976	584	4768	198	734	164	82	77	8
-32768	-456	-4352	822	-302	426	-12488	-9000	-17848	-1393	638	132	-17480	-3480	10344	-810	-85	-275	-9152	4848	14416	12	571	-563	-15560	5312	-4568	476	1565	-1006	-15704	-272	3488	196	645	158	108	79	8
-32768	19868	-10876	1441	1987	1160	-18392	-4816	-12040	-1124	2251	704	-15408	-3168	3664	-1066	-118	-191	-9200	5336	15680	295	808	-771	-18496	5376	-5040	669	1669	-1092	-18752	-368	2752	403	685	57	120	85	8
5260	-9104	32767	1064	4188	87	-25928	-16808	32767	575	2333	987	-18936	3448	56	-472	440	-236	-8248	3816	17016	108	1559	-787	-22680	5232	-4432	911	1722	-1216	-23064	-2408	2952	561	432	-103	114	88	8
-16792	3688	21640	1392	4376	1678	-18256	-4544	-12240	1131	3268	470	-19800	-4608	19472	-844	-900	-270	-8456	5688	19392	-62	2282	-1049	-22944	6816	-4056	886	2014	-1257	-25800	-2808	8528	223	-324	-295	114	93	8
-28992	-292	29048	362	1630	2086	-32768	-7552	-584	-766	2905	321	-14184	-5040	6160	970	738	65	-8992	6440	19664	-364	3311	-1335	-28008	7216	-3352	1013	2219	-1271	-27952	-7560	9704	-509	-1123	-451	152	93	8
-17240	-32768	2872	856	1299	915	-13072	-15104	-8848	-1336	2131	193	-21232	9424	-11120	1519	1065	340	-11224	8304	23824	-165	4498	-2001	-30624	9264	-976	1294	2567	-1149	-25728	-10936	8784	-912	-1300	-875	141	253	8
-3744	15484	24532	463	362	895	-25376	120	-4048	-381	2248	-50	-11784	10336	-12632	44	284	356	-12808	8160	24184	224	5521	-2840	-32704	10144	712	1756	2738	-927	-25208	-10872	6648	-759	-1106	-952	132	253	8
-15400	-7084	13776	264	115	253	-10888	-9648	-8672	-958	1563	51	-13376	6872	-10592	-512	958	379	-16400	5560	23344	784	6151	-3550	-32768	6248	-2768	2526	2661	-760	-24048	-12496	3320	1827	-761	-763	149	253	8
-10388	-5340	13112	187	58	64	-18392	-7064	-3240	-711	1001	60	-23440	3432	-10280	-900	1246	436	-17160	8528	21384	1875	6625	-3675	-30240	7104	-720	3641	2174	-543	-26072	-6384	-8640	3274	-274	-903	127	253	8
-8116	-5220	13668	82	84	40	-18592	-9832	-120	-997	416	84	-18896	-600	-3344	-911	1039	459	-23976	8960	27800	2721	6104	-3685	-20120	5856	-4120	3857	1515	-650	-25424	-7576	-15360	4045	-451	-941	131	253	8
-7296	-4472	13984	-38	149	26	-15456	-9688	1408	-893	323	67	-15528	-1760	320	-349	1261	530	-18056	14936	28192	2985	4331	-3548	-14320	1864	-9360	3439	1335	-459	-21656	-5624	-15304	4205	-887	-421	135	253	8
-7576	-4380	13604	-96	198	47	-14304	-8000	1168	-535	511	-38	-16656	1064	1712	-265	1195	669	-32768	19664	28704	1534	1020	-1609	-6168	3264	-1000	2443	648	449	-22864	-5584	-12288	3216	-1080	10	142	253	8
-7236	-4600	13736	-162	294	26	-15072	-8856	1984	-300	653	-104	-16392	-1904	560	-404	1156	770	7792	17760	22864	813	-1781	505	-4784	8520	8496	1463	37	1236	-19168	2440	-13248	2398	-1370	131	139	253	8
-7932	-5160	13072	-225	411	-17	-14512	-9232	480	-311	630	-23	-14376	-4648	-1088	-251	1202	999	18064	4712	9496	1082	-1257	1458	-4352	7616	10784	448	-438	1628	-16192	1088	-10464	1498	-1727	254	136	253	8
-7864	-6260	12380	-202	399	-15	-12648	-10120	-256	-394	490	123	-15600	-3512	-2664	-89	1323	1016	10360	3496	15656	1901	-895	1922	-6312	4048	6632	-417	-770	1808	-12856	-1112	-10168	1393	-1761	130	131	1	8
-8568	-5648	12748	-116	296	41	-13040	-9440	-272	-584	249	255	-14720	-2688	-1568	-7	1387	1037	56	6360	21872	1618	-1587	1992	-7504	1472	2040	-932	-1382	2107	-12592	792	-11096	965	-1903	61	119	0	8
-8636	-4768	13108	-94	261	72	-14096	-9200	408	-521	191	299	-16360	-1088	-1048	181	1362	1070	-4728	2504	24280	988	-3005	2011	-9320	-744	632	-1379	-2008	2489	-11472	3288	-9472	397	-1998	76	120	0	8
-8072	-4372	13208	-102	281	84	-14400	-8720	888	-335	276	318	-16424	936	-32	178	1365	1097	-4184	-2272	21328	1095	-4035	2045	-12816	-1688	1688	-1427	-2752	2710	-11456	3168	-10040	-182	-1987	49	126	8	8
-8388	-5212	13012	-87	325	113	-14296	-9160	456	-317	303	335	-16728	536	712	49	1353	1162	-5976	-2376	19576	1333	-4452	1926	-15720	-1296	1224	-1172	-3310	2704	-9704	2944	-9624	-722	-1945	92	137	25	8
-8428	-5408	12652	-71	323	173	-14584	-8976	896	-467	229	364	-16360	328	1000	-63	1403	1246	-9496	-1976	22104	1361	-4601	1730	-17856	-1504	-1312	-1050	-3884	2629	-8024	3224	-8736	-963	-1921	-191	132	37	8
-8144	-5708	12908	-27	309	227	-13688	-9704	648	-661	158	422	-17440	-968	888	-223	1590	1246	-14456	-1768	23728	1326	-4828	1472	-21400	-2944	-3424	-547	-4456	2601	-9312	3464	-7808	-1015	-1655	-357	129	55	8
-8656	-4432	12768	-23	304	263	-14568	-8136	720	-685	219	498	-16248	-2320	-40	-77	1490	1229	-16664	-1448	23016	1480	-4938	1041	-23504	-688	-4776	179	-4942	2647	-8544	3776	-7400	-928	-1319	-347	121	73	8
-8844	-4612	12916	-50	340	272	-14448	-8056	568	-608	348	534	-15544	-688	368	247	1501	1143	-18664	2040	21608	1685	-4605	618	-23480	3344	-4712	382	-5111	2787	-8928	2392	-6896	-325	-933	26	117	96	8
-8904	-4744	12812	-62	374	282	-14152	-8008	80	-528	464	551	-15000	-8	-456	337	1560	1077	-19488	6928	21944	1827	-3958	429	-26224	4432	-4576	113	-5053	2940	-8672	-1072	-4624	578	-1002	-30	120	114	8
-9044	-4972	12512	-67	415	284	-14656	-7712	-504	-474	533	572	-15080	864	-1720	245	1601	1066	-28912	10752	25784	2147	-3460	786	-30296	3400	-8208	-8	-4772	3103	-12464	-6032	488	1082	-1333	-280	123	117	8
-8396	-4572	13356	-29	465	316	-15432	-7600	56	-537	513	609	-17152	1904	-4008	72	1256	1075	-32768	12712	23800	2119	-3526	1667	-29840	2456	-10440	-584	-4432	3257	-15144	-10880	4384	1305	-1442	-411	119	94	8
-8884	-4664	13332	-27	585	330	-16200	-8376	-48	-573	491	681	-17240	1496	-2136	57	1124	1037	-32768	2096	18072	1870	-3551	2615	-24872	8	-10536	-930	-3768	2991	-15408	-4824	7088	1088	-1144	-187	118	98	8
-9212	-4652	13540	-61	755	374	-17008	-8248	200	-574	492	777	-18416	1664	576	28	1283	953	-32768	-4296	11296	1176	-3333	2871	-24720	920	-13440	-1232	-3055	2234	-14816	-688	19296	878	-804	619	117	97	8
-9388	-5108	13300	-80	927	419	-16128	-8400	1184	-683	510	884	-19176	496	2456	-265	1263	898	-32768	-16312	-8088	-251	-2606	2099	-19704	-4984	-18872	-1172	-2228	1485	-12256	-256	20016	-307	-266	1170	114	120	8
-9476	-4696	13472	-48	1131	504	-15480	-7984	1872	-793	636	1011	-19880	-1176	2192	-406	850	809	-32768	-27528	-27048	299	-1308	344	-1048	-12784	-22056	-552	-323	844	-18280	-6872	28240	-1705	-719	165	116	115	8
-10036	-4928	13592	17	1350	608	-13704	-8184	2440	-840	981	1163	-18480	304	1920	-322	446	759	-32768	-12488	-20208	342	659	528	-8552	-9056	-16568	-789	1807	-342	-17824	-10976	15600	-1750	-738	-78	110	127	8
-9676	-4916	14328	126	1631	728	-15944	-8944	1912	-688	1408	1250	-17784	-1608	3408	-184	83	670	-19288	19280	720	-3406	2673	868	-19496	-7024	-14608	-1186	2728	-980	-15272	-11024	6176	-2148	-308	-133	110	126	8
-10108	-6100	13888	320	1986	869	-17104	-9400	1464	-597	1693	1332	-18688	-4440	2112	-146	-424	615	16576	-7128	32767	-1312	2347	988	-32768	7240	32767	82	1072	-1375	-15048	-1784	-4432	-1851	317	-80	105	129	8
-11256	-8092	15228	542	2473	1130	-18560	-13168	2168	-542	1918	1458	-21720	-6320	5752	35	-894	347	-13200	-29016	20272	-734	3390	-2185	-16704	-2744	-1480	-467	2088	-1164	-27072	-18448	10560	-1252	-1410	0	102	123	8
-13960	-10140	16152	649	3134	1725	-21136	-15688	3416	-581	2164	1571	-23584	-8160	14720	640	-2278	-137	-31136	20000	28784	-859	2752	-1763	-29440	4984	-2408	425	2444	-1245	-5776	-13168	2272	-1149	1112	-94	104	94	8
-14696	-13392	18968	658	4064	2667	-25160	-18776	4624	-899	2153	1676	-23544	-9744	14640	-379	-3412	-607	-30512	17408	27848	-2046	1313	-860	-16248	10864	-11856	135	2966	-659	-17960	-2944	800	1144	1012	473	108	92	8
-24632	-20316	15120	889	4838	3845	-25296	-22984	3328	-1464	1880	1737	-24824	-3848	3224	-287	-1722	-588	-7720	3800	15864	-651	495	-701	-23632	-8616	-4408	-39	2489	-1035	-10024	6032	-12120	1869	1427	745	114	113	8
-18028	-8772	17840	380	5094	4645	-24800	-21976	6504	-1656	1935	1759	-22608	-4592	-3088	-343	-1372	-359	-10216	1160	16512	-495	134	-338	-11376	2848	-8208	833	1980	-589	-11648	7248	-12288	1713	782	633	124	111	8
-32712	-22352	20076	143	4948	4651	-14704	-23840	-1088	-2151	1477	2190	-21648	-2944	-12464	145	-871	-382	-9936	5920	14944	-297	26	-235	-15768	3400	-6712	797	1405	-529	-20032	8032	-8752	985	845	476	123	127	8
-27084	-26640	19096	317	3000	4670	-11464	-23744	-3552	-1522	1851	1848	-25208	3560	-4168	711	-1378	-790	-8424	4984	14560	-112	43	-128	-19512	6600	-5456	580	1242	-416	-20024	7880	-5624	262	1109	498	128	112	8
15624	-32768	18168	3607	1786	4534	-12672	-13320	-5936	130	2171	785	-25328	4520	-6320	607	-1448	-1361	-7704	4088	14880	-131	56	-154	-16544	6328	-3256	111	1108	-412	-16064	2320	-2064	-479	1135	651	136	111	8
-19956	-18936	20564	3847	154	-137	-14600	-3544	-4800	1263	2076	21	-23720	-368	-7032	865	-1605	-1375	-7928	3744	14872	-51	131	-148	-16568	3072	-3944	-220	1070	-374	-17544	-2936	-2192	-701	1112	701	141	122	8
200	-13680	11420	1648	-725	-3088	-8968	-8336	4600	2152	1305	-14	-24288	3456	-8664	1377	-1632	-1692	-7800	3904	14968	24	187	-130	-17632	2112	-3624	102	885	-275	-16224	-3520	-1200	-184	1320	532	144	100	8
4140	-7748	8164	952	-625	-3354	-3832	-7824	2656	2074	632	-365	-20448	6464	-7752	1289	-1612	-1746	-7656	4016	14888	28	199	-122	-16776	3552	-3576	433	666	-178	-16696	-1696	-1680	668	1488	435	142	93	8
692	-5524	9472	667	-922	-2823	-2728	-5456	456	2112	-55	-743	-16680	7328	-6288	939	-1422	-1601	-8800	4488	13936	89	264	-114	-15224	5472	-5344	605	508	-161	-16648	2096	-2224	1012	1563	419	140	96	8
-3952	-4792	11984	441	-1742	-2265	-5440	-4904	-1248	2183	-780	-1018	-14776	5672	-5624	533	-1347	-1665	-8368	4304	14264	48	213	-117	-15144	5384	-4768	517	384	-153	-15648	2496	-1832	882	1553	422	135	92	8
-6456	-4068	13576	51	-2754	-2145	-8304	-3376	-1416	2277	-1384	-1233	-14520	4144	-5840	464	-1276	-1733	-7880	3928	14312	11	183	-116	-15360	4944	-3656	366	332	-153	-16072	2024	-1400	547	1515	410	132	99	8
-7972	-4856	13540	-334	-3585	-2420	-10768	-3216	-200	2291	-2059	-1334	-13736	4736	-6280	561	-1329	-1668	-8168	4152	14184	12	174	-132	-15560	5104	-3256	336	309	-154	-16240	24	-544	319	1552	392	128	100	8
-7680	-5552	12576	-365	-4100	-2649	-11040	-3408	-96	2285	-2141	-1358	-12848	5728	-5664	610	-1383	-1582	-8224	4344	14160	1	169	-143	-15328	4928	-3472	347	331	-172	-15328	-1112	-424	561	1722	342	127	63	8
-7884	-5024	12524	-288	-4281	-2747	-12800	-5760	1312	2256	-3101	-1524	-11952	6320	-6128	668	-1391	-1566	-8128	4128	13856	-16	157	-155	-15240	4400	-3336	483	299	-172	-14720	608	-1632	731	1931	326	128	64	8
-9792	-5596	13784	-385	-4269	-2819	-14160	-7072	56	2330	-3542	-1615	-10432	6424	-6120	673	-1376	-1478	-8496	4072	13896	-25	109	-156	-14824	4704	-4096	508	296	-184	-15312	1680	-1288	778	2039	274	127	253	8
-9800	-5464	14168	-388	-4267	-2820	-15592	-9232	-976	2387	-4031	-1777	-8776	5552	-6736	668	-1101	-1414	-8472	4016	13856	-48	62	-145	-14152	5632	-3672	372	346	-235	-15864	2424	-32	497	1923	233	115	253	8
-16092	-7888	16948	-548	-4369	-2625	-17960	-12256	-2120	2701	-4102	-2056	-7824	5536	-6800	874	-704	-1268	-8168	4408	13904	-106	6	-164	-14400	5976	-3056	337	426	-299	-16752	1344	1016	193	1826	278	107	253	8
-19040	-9044	19060	-739	-4299	-2421	-22152	-12464	-2560	3025	-4135	-2311	-6864	7672	-6384	1091	-95	-940	-8496	4472	14000	-155	-37	-245	-14728	5464	-3808	402	483	-357	-17088	1072	880	169	1813	301	107	253	8
-24044	-10984	23380	-1058	-4113	-2675	-27464	-13448	-3160	3296	-4071	-2553	-7744	8328	-3272	1238	309	-636	-8304	4048	14248	-154	-23	-292	-15600	3888	-3784	467	500	-409	-16336	-1664	-1544	54	1415	358	110	253	8
-29296	-13948	24800	-1023	-3933	-3280	-32768	-17840	-4440	3382	-4106	-2600	-12408	3888	1440	1129	106	-467	-8536	3032	14352	-152	75	-316	-16208	3744	-4048	598	491	-406	-15480	-1776	-96	185	1339	459	118	253	8
-32768	-9316	23852	-842	-3635	-3892	-32768	-15464	-9440	3429	-4115	-2311	-17856	-1968	6368	701	-39	-767	-8712	4424	14600	-111	188	-334	-16408	4920	-3240	741	537	-452	-16096	-1648	1704	363	1230	542	120	253	8
-32768	-3680	16468	-665	-3639	-3999	-32768	-14768	-10392	3352	-4076	-2226	-20696	-5440	11320	498	367	-1582	-8112	3864	14392	-71	304	-410	-15656	5544	-2336	807	680	-557	-18240	-1000	3072	569	914	568	113	253	8
-32768	1760	188	-61	-3636	-2960	-23528	-11576	-21904	2446	-2607	-1604	-21168	-3968	14432	839	509	-2006	-10040	5168	15720	66	376	-516	-15368	6080	-1872	794	897	-681	-20240	-712	2376	865	971	465	92	251	8
-32768	18376	-13276	-935	-2937	-1348	-18120	4512	-27536	1206	-2135	-1440	-16816	-13808	24064	530	-976	-450	-5048	2576	16312	32	718	-561	-18832	3776	-2056	796	1073	-815	-18808	-56	2224	744	1010	256	80	226	8
-32768	26504	-24080	-2494	-1351	-571	-15320	9336	-25776	-838	-767	-438	-16560	-12688	20936	535	-743	-202	-8760	3536	15992	82	1129	-551	-17776	4424	-2504	692	1304	-964	-19080	-80	2232	733	1020	239	86	208	8
-23032	-948	-6532	588	695	-279	-11704	-7264	-20488	-1408	934	375	-19888	-4480	10472	313	268	79	-9280	3944	16040	89	1622	-565	-18424	4424	-3136	545	1558	-1065	-19088	-1848	4648	316	716	62	102	253	8
-32768	19548	-10352	2100	2477	626	-17560	-6552	-13032	-736	2574	862	-17032	-384	760	-97	157	213	-8544	4080	17280	-62	2083	-676	-20424	4224	-2840	650	1775	-1141	-20128	-2896	7680	134	335	-47	136	253	8
6920	-20856	30100	1698	3839	-5	-17320	-26448	32767	697	2253	624	-15600	2248	-5912	141	734	273	-9680	4800	18168	-29	2841	-767	-23696	5624	-3280	812	1983	-1275	-23568	-3552	9472	-13	-183	-205	144	253	8
-15332	14780	23740	1523	4290	1173	-20800	-2192	-3960	1263	3784	599	-26664	-8768	19328	369	-637	-326	-10256	6496	19088	-118	3656	-1098	-26656	9736	-2336	917	2192	-1396	-26256	-3688	12544	-579	-1087	-529	135	253	8
-27772	1548	29124	638	2219	2285	-30096	-6664	136	-143	2994	610	-11056	664	9808	1931	236	-1	-12504	6344	18104	-76	4508	-1674	-29568	13888	104	1050	2398	-1505	-24600	-5488	11112	-983	-1174	-712	152	253	8
-24840	-27848	21900	729	1808	1480	-20064	-11952	-3384	-1445	1964	531	-18248	9256	-2552	378	900	1121	-16264	8872	21032	-14	5446	-2924	-29800	10528	272	1240	2796	-1302	-21288	-16424	4968	-309	-1019	-920	160	253	8
-11996	712	20708	1670	1029	1050	-13800	-17280	-248	-855	1876	-14	-15000	7168	-15648	-624	689	155	-14904	5360	27272	548	6376	-3485	-32768	5664	3360	1947	2662	-1116	-22752	-13616	8392	1238	-759	-777	141	181	8
-11072	-11472	11076	638	319	564	-18432	-3200	-2024	-953	1798	583	-10696	-696	-9240	-794	606	248	-19344	10168	27048	1691	7216	-3525	-31016	6632	472	2998	2200	-983	-26792	-2360	-4096	3232	-118	-996	129	0	8
-9820	2024	15896	487	-1	367	-15544	-6408	-3944	-702	1536	257	-18320	5992	-6688	-565	1142	327	-25848	12112	30728	2325	6276	-3527	-22800	9248	-2792	3380	1723	-1095	-27672	-2280	-12408	4004	-213	-1037	136	0	8
-9320	-3388	14264	260	-27	131	-19360	-9376	-144	-984	957	332	-17568	-1264	-6136	-768	1105	612	-18968	15656	32680	1924	4328	-3271	-16832	4888	-9672	2427	1507	-988	-25120	-1456	-14568	3369	-966	-391	138	0	8
-7960	-4832	13612	87	71	57	-15312	-11568	240	-987	649	205	-16736	-712	-888	-442	1145	467	-32768	25256	32767	-153	1111	-1407	-8016	1432	-3928	1109	723	-255	-24848	-1168	-11168	2049	-1223	93	138	1	8
-7612	-5320	13720	25	125	85	-12736	-10552	1152	-662	738	84	-17080	-680	-192	-222	1103	564	1456	18544	23824	-323	-2133	868	-6336	7048	3512	301	-24	471	-22944	2792	-14216	1063	-1595	116	139	0	8
-7928	-4800	13596	-26	171	87	-13584	-9864	680	-335	882	53	-16000	-1160	-584	-292	1137	709	11840	6200	12032	-61	-1969	1641	-6296	6112	8456	-259	-560	962	-18256	-88	-10640	386	-2066	287	142	0	8
-7592	-5360	13244	-51	202	70	-14232	-10144	544	-296	836	95	-15920	-2312	-2600	-398	1213	878	7944	2688	14304	843	-1819	1920	-5728	2072	5680	-788	-1001	1158	-14504	-1912	-10480	315	-2222	171	139	8	8
-7684	-5396	13128	-57	205	73	-13552	-10512	56	-556	556	196	-15536	-3080	-4064	-578	1426	991	-552	6112	18744	931	-2369	2114	-7320	888	1112	-1140	-1572	1468	-13024	-144	-9936	152	-2191	45	138	0	8
-8200	-5864	12592	26	199	78	-12768	-10376	-1352	-648	377	274	-15000	-3296	-4544	-620	1410	1131	-5760	4456	20464	374	-3496	2135	-8456	104	-472	-1315	-2217	1857	-11848	920	-9816	-243	-2124	27	133	8	8
-9628	-4504	12936	120	139	75	-13096	-10624	-632	-512	300	347	-15488	-2032	-3616	-415	1527	1222	-6024	-320	18776	399	-4447	2178	-11776	-1352	0	-1516	-2884	2120	-11488	1184	-10592	-584	-2129	-17	131	132	8
-8796	-4940	12860	139	147	82	-12992	-10008	56	-183	378	359	-15720	376	-1872	-135	1626	1303	-6688	-1224	17336	745	-4903	2095	-14152	-888	80	-1340	-3459	2250	-10312	2032	-10744	-924	-2155	-96	128	148	8
-7948	-4620	13224	110	166	67	-13736	-9152	360	-30	452	349	-15736	1080	-616	140	1754	1387	-9472	-1352	18616	863	-5034	1788	-15672	-896	-1672	-1072	-4042	2252	-8864	1608	-10232	-1065	-2135	-250	128	149	8
-8272	-4688	13268	87	200	96	-14440	-9128	552	-173	343	352	-15192	464	488	281	1966	1404	-13456	-896	20544	1042	-5180	1436	-18000	-2656	-3976	-672	-4551	2330	-8792	1928	-10352	-1048	-2089	-304	126	171	8
-8184	-4744	12948	54	221	121	-14096	-9608	424	-375	233	369	-13928	-1568	2864	369	2350	1326	-16544	1224	19728	1240	-5342	1156	-19440	-760	-4392	28	-5018	2457	-7304	2336	-10416	-1047	-1922	-557	127	176	8
-8288	-5212	12924	64	244	167	-12712	-10080	368	-477	265	389	-15112	-1920	2488	-235	2399	1258	-16760	4256	18056	1337	-4942	829	-22080	2536	-4368	193	-5188	2776	-4352	744	-10120	-443	-957	-492	124	128	8
-8220	-4680	12856	94	220	207	-12248	-9368	1136	-481	449	467	-18256	-1808	-3336	-237	1804	1046	-22008	7160	22552	1738	-4272	730	-24480	3752	-6096	-36	-5083	2992	-5912	-800	-8144	193	-574	-167	124	130	8
-8460	-4752	13068	105	208	247	-12672	-9048	336	-483	590	499	-19728	-2256	-4576	36	1184	870	-28160	14128	25040	1971	-3986	1136	-31232	4128	-8072	-617	-4867	3307	-10224	-5064	-2168	590	-1015	-332	120	130	8
-8688	-3840	13408	94	287	292	-15432	-8856	24	-547	558	511	-17088	392	-96	188	1179	709	-32768	14744	25544	1732	-3742	2185	-32768	2328	-10528	-1109	-4666	3380	-15840	-7424	2680	325	-1420	-505	122	120	8
-8232	-4812	13392	43	366	321	-15096	-9768	160	-720	473	570	-16384	-80	-1720	-375	1352	810	-32768	5928	20976	1170	-3920	3313	-25584	2552	-10776	-1716	-4001	3022	-20104	-2584	5528	-46	-1629	-401	124	115	8
-8560	-4860	13044	64	468	376	-13584	-10128	696	-899	456	640	-16048	-2344	1008	-674	1232	827	-32768	784	12888	179	-3738	3589	-27576	4568	-12784	-2457	-3078	2169	-17912	-2736	12376	-71	-1554	259	123	125	8
-8692	-4816	13356	82	547	448	-13512	-9480	1528	-976	615	765	-17656	-1664	2104	-566	1159	632	-32768	-7432	-200	-843	-3145	2940	-22288	-4648	-22192	-2495	-2404	1612	-12592	-3360	17488	-785	-861	887	120	129	8
-8432	-4832	14132	149	747	495	-14576	-8736	1704	-1028	840	878	-19400	200	-1120	-561	992	642	-32768	-26224	-20144	637	-2526	1421	-7496	-11440	-23344	-773	-1228	1254	-16688	-10584	27896	-1630	-413	-185	120	137	8
-8920	-4032	14848	127	1035	543	-17328	-9336	528	-1017	1035	986	-18824	-1944	-2112	-608	678	661	-32768	-14896	-23760	1510	-157	807	-7544	-6288	-17792	222	681	135	-20296	-13336	15384	-1260	-493	-14	118	131	8
-9512	-3936	14704	142	1405	597	-16760	-9816	-216	-1002	1212	1105	-17128	-3832	-920	-679	332	672	-32768	-3096	-4936	-204	1641	525	-15800	-5104	-18072	-106	1929	-654	-17080	-8984	2888	-964	-103	119	116	126	8
-9056	-5608	14916	159	1760	708	-16272	-10584	280	-1018	1439	1201	-18456	-1744	1704	-693	-55	601	-21696	17784	1336	-2467	3270	666	-18000	-1768	-12904	105	2299	-816	-10040	-3864	-2680	-67	337	-11	114	117	8
-10072	-6892	15820	309	2118	897	-17864	-11064	928	-1175	1632	1263	-20880	-3248	3608	-531	-529	396	-152	-3720	32767	-1553	3047	1042	-31824	4304	30848	-214	1102	-1104	-10440	704	-8760	270	388	65	114	120	8
-9772	-6460	16624	375	2757	1186	-20608	-13512	1976	-1295	1814	1382	-22520	-4040	4256	-493	-996	156	-4144	-31176	27968	-365	3134	-1708	-18944	-632	7928	-1141	1790	-898	-22184	-8064	7240	-1423	-540	318	114	119	8
-10648	-7928	16464	374	3445	1661	-20656	-14328	2064	-1331	2012	1419	-22576	-5712	9304	-325	-1779	27	-26848	3952	20792	-719	2981	-2020	-23032	-5408	-9856	-240	2432	-952	-14744	-12056	8672	-2121	-258	70	121	101	8
-11976	-8280	19992	304	4273	2330	-23536	-17336	3200	-1476	2106	1424	-22952	-10016	16760	172	-3256	-204	-16872	16408	15600	-194	2469	-1248	-28264	5320	-2656	456	2029	-660	-22688	-11160	-488	-1343	1207	579	127	110	8
-21696	-18404	16276	287	5803	3380	-27200	-24080	5832	-1923	1990	1416	-23688	-2328	14320	-218	-1830	-332	-13472	10360	16008	-1440	1096	-766	-19832	6688	-4496	-415	2476	-453	-14016	1552	-8472	1109	1279	649	123	114	8
-17372	-10424	20160	-152	6298	4184	-28304	-22880	8208	-2299	1852	1484	-25472	-2408	3032	20	-1921	-221	-9264	-9160	18176	-747	368	-577	-16000	-1960	-8856	-144	2223	-624	-11552	7584	-9024	1265	1278	1023	123	113	8
-27076	-15372	22888	-571	5984	4421	-19792	-22056	2136	-2739	1503	1619	-24896	-2200	-11032	-265	-1105	-147	-12304	3928	15560	-439	128	-296	-14040	2552	-7160	638	1382	-443	-16384	2280	-6480	1095	1089	702	106	104	8
-30608	-24584	22920	-940	4154	4230	-13168	-19792	-4432	-2607	1315	1766	-23104	4104	-10336	184	-1587	-604	-9896	6576	14432	-190	83	-148	-19736	2760	-5848	1139	965	-418	-18224	6208	-6272	1036	1260	605	108	97	8
27252	-32768	19400	1608	2362	4207	-13440	-13800	-7112	-1096	1384	938	-24320	3912	-6616	237	-1926	-1264	-7760	3432	15144	-177	40	-126	-17352	6208	-2216	910	722	-355	-17152	5600	-3112	209	1243	439	118	26	8
-12760	-17268	22728	1660	-431	-161	-11192	-6048	-4344	249	1171	235	-24000	1904	-5680	542	-1930	-1523	-7696	3936	15480	-113	81	-110	-15680	5960	-424	306	830	-327	-16896	-336	-1608	-576	1200	553	116	39	8
2764	-15240	11756	944	-1304	-2068	-5752	-9728	4648	1377	758	-236	-25368	3880	-8528	1025	-1827	-1899	-7224	3824	15000	-12	174	-102	-16272	3968	-680	-126	927	-304	-16024	-3408	-1256	-754	1276	455	116	42	8
6972	-7912	7332	537	-1156	-2437	-2784	-6072	4480	1530	270	-486	-20688	6368	-8040	819	-1782	-1903	-6960	3560	14600	58	230	-92	-16520	2112	-1616	-90	869	-228	-15416	-4136	-880	-577	1301	424	115	52	8
3972	-6520	8864	277	-1305	-2288	-2048	-5408	2056	1773	-338	-818	-15992	7296	-6384	281	-1537	-1650	-7008	4760	14000	32	216	-126	-16136	3432	-2256	257	677	-157	-15616	-3400	-648	89	1417	371	119	54	8
-1020	-5560	11472	126	-1922	-2077	-4824	-3248	248	1914	-1031	-1156	-13464	6552	-5360	-54	-1430	-1654	-7936	4872	14472	-31	234	-160	-16136	3808	-2024	301	647	-135	-15952	-432	-1232	686	1563	331	121	67	8
-5428	-4192	13964	-227	-2833	-2226	-7776	-1512	-424	1967	-1671	-1398	-12904	5680	-4400	-61	-1372	-1712	-7920	3912	14248	-52	205	-169	-15440	4784	-2816	675	479	-221	-15096	-752	-824	727	1639	258	124	74	8
-7692	-4776	14364	-550	-3794	-2617	-9688	-2176	320	2140	-2268	-1628	-11752	6376	-5032	-25	-1411	-1561	-9016	2944	15504	-9	192	-146	-14936	5336	-1312	619	496	-249	-15096	-1792	256	691	1611	265	127	104	8
-6988	-3216	13428	-529	-4315	-2876	-11648	-3856	2264	2329	-2742	-1828	-12616	6816	-5080	38	-1435	-1425	-7856	4208	14312	-45	207	-174	-14928	5880	-1416	425	623	-323	-16328	-864	1936	902	1683	251	124	253	8
-6852	56	13080	-614	-4319	-2829	-14464	-4608	2896	2265	-3108	-1846	-11712	6424	-5544	178	-1488	-1358	-8104	4368	13920	-62	203	-189	-15192	5072	-2184	432	690	-415	-15728	1056	2896	960	1731	327	128	253	8
-9560	-512	16124	-740	-4135	-2553	-16912	-5832	296	2523	-3499	-1930	-9776	4992	-5512	320	-1491	-1276	-8520	4216	13936	-111	126	-211	-14304	5848	-1960	530	732	-458	-15960	2264	2624	644	1549	312	127	253	8
-14556	-2316	18932	-801	-4242	-2372	-20208	-7248	-1736	2615	-3884	-1917	-9800	5256	-5272	557	-1223	-1230	-8504	4808	14184	-210	114	-264	-13520	6656	-1392	377	895	-553	-17544	800	2520	58	1292	259	126	253	8
-18572	-2260	21528	-916	-4389	-2379	-22672	-8216	-1360	2859	-4039	-1959	-9408	5464	-4184	709	-879	-1079	-8488	4048	14512	-214	46	-272	-15096	3360	-2104	184	1065	-647	-15048	-1752	832	-223	1029	260	127	253	8
-19740	-3108	23664	-767	-4183	-2534	-28080	-8576	-1488	3210	-4059	-1906	-8000	5024	-4096	996	-446	-968	-7688	3328	14504	-156	84	-251	-15328	3216	-2752	230	1140	-679	-14552	-1208	-136	-191	1033	211	121	253	1
-25836	-2920	25832	-537	-4020	-2616	-30896	-10920	-4128	3030	-4361	-1767	-9616	3728	-800	1231	42	-624	-7688	3744	14760	-115	142	-268	-16072	3768	-3584	263	1213	-716	-15448	-688	-1688	-175	1002	176	113	253	1
-30604	-4420	26204	-629	-4203	-2337	-30200	-13864	-6992	2874	-4546	-1700	-11528	3832	3408	1006	-23	-739	-7872	4176	14648	-119	203	-331	-16216	3600	-5072	334	1193	-739	-15056	-248	-3280	-17	1039	265	115	253	1
-32768	-5612	23300	-740	-4574	-2369	-30016	-13560	-7312	2877	-4530	-1701	-16256	-440	5752	266	-48	-727	-8400	3432	14864	-79	285	-388	-17488	1392	-5640	505	1071	-758	-15672	-328	-4888	204	1144	326	118	246	1
-32768	-1240	17352	-823	-4610	-2350	-27888	-12288	-9872	2399	-4157	-1606	-17488	-2528	10024	-120	-128	-747	-8336	2536	15448	5	436	-393	-18000	1544	-5832	679	950	-750	-15968	56	-5776	327	1190	304	114	227	1
-32768	2284	7396	-952	-4292	-1765	-23128	-9632	-13192	1615	-3614	-1272	-15176	-4088	14888	-494	12	-869	-5560	344	13792	143	660	-410	-17960	2152	-5448	685	911	-782	-17200	296	-3640	230	1204	208	102	253	1
-32768	6472	-3948	-1239	-3674	-830	-18376	-4784	-18944	634	-2966	-1150	-15208	-5584	19480	-500	-150	-485	-6976	8536	17552	7	989	-354	-18552	2792	-5112	961	968	-839	-18088	384	-1744	149	1244	230	98	165	1
-32768	17348	-12368	-2373	-2505	-59	-13816	1408	-20920	-1050	-2487	-642	-16456	-11824	20768	-1178	-762	-77	-8496	3056	16032	92	1365	-360	-18480	3664	-4912	555	1057	-982	-18288	440	952	-34	1118	113	100	194	1
-32768	9676	-16744	-1665	-1016	527	-9112	-2880	-20832	-1870	-908	52	-18040	-12256	16336	-1141	-309	-293	-8688	3296	15856	64	1767	-447	-18808	3976	-4472	433	1197	-1122	-19336	-304	3440	-234	1006	52	102	223	1
-32768	4008	-10780	-122	389	666	-12344	-4656	-18208	-1446	878	543	-17528	-9096	10096	-710	-162	-97	-9136	4544	15400	-4	2254	-604	-19808	4232	-4432	513	1366	-1247	-20080	-3392	6024	-510	750	43	118	210	1
-25800	-22580	-6108	2255	2240	190	-18680	-10752	-1648	-1115	2028	650	-15632	-2088	1960	-21	65	131	-9080	6144	16400	174	2780	-824	-21136	5448	-3736	729	1508	-1370	-20488	-3832	8168	-370	498	-123	142	216	1
10108	-10144	27488	1512	3729	-740	-19480	-24200	32767	673	2358	904	-12440	256	-7704	653	900	-95	-8008	7712	17696	-128	3384	-1242	-23960	8768	-2720	892	1663	-1502	-22696	-1920	11312	-190	120	-237	147	173	1
-9336	14580	18412	830	4995	245	-18016	-1808	-4896	1954	3959	610	-13168	-368	-8192	716	974	-155	-12328	10168	17216	-405	4066	-1850	-25176	10360	-920	900	1915	-1672	-24936	-5048	11280	-487	-226	-280	133	110	1
-23140	11408	32767	1327	2831	2327	-21944	-11424	320	758	3249	281	-14224	-11112	17592	2311	193	530	-17840	8728	22904	-509	4832	-2845	-27152	10120	848	981	2191	-1644	-21832	-10544	11368	-333	-837	-557	165	0	1
-15664	-10752	15176	598	2379	2189	-29816	-5984	3800	-352	2585	617	-21200	7864	4672	2169	1526	1170	-13040	6408	19824	-469	5963	-3622	-32768	8944	5608	1321	2231	-1605	-27144	-9424	9848	704	-855	-781	157	0	1
-18976	-22192	24788	1404	2088	955	-10792	-18336	-3264	-1602	1865	516	-18312	16968	-5536	826	653	13	-25488	12952	32767	-449	6727	-4045	-32768	8216	1560	1960	2110	-1631	-25968	-4600	4368	1956	-1007	-974	137	1	1
-13020	15392	23980	1102	671	1105	-21424	-1080	-4512	-401	2497	115	-9936	5816	-6824	-1712	241	149	-27072	-120	23128	1618	6796	-3461	-27176	7376	-3976	1827	1893	-1788	-24360	-1920	-7688	2264	-819	-985	126	0	1
-19020	-11824	13872	571	319	502	-15448	-9352	-6496	-1569	1483	443	-15976	7104	-6576	-2333	750	125	-32768	32767	32767	2554	5054	-3546	-17744	13744	-6656	1769	1677	-1819	-25496	-3872	-10920	2032	-974	-660	124	0	1
-10908	-4596	14212	116	248	170	-20256	-6480	-2632	-1967	559	485	-20736	-2296	-8952	-2391	768	413	28712	32767	31872	-2369	2819	-3161	-10104	6272	-12544	31	1406	-503	-25880	320	-10112	1784	-1042	-310	127	0	1
-9016	-3732	14280	81	195	127	-12736	-13216	-1456	-1657	398	243	-16080	-5568	-5496	-998	865	599	-22744	23688	20120	-2337	-1134	985	-10168	5248	-7632	-790	822	60	-28096	4576	-9112	1000	-1164	183	126	4	1
-8044	-5160	13572	87	212	158	-12032	-12072	-1272	-740	915	74	-17448	856	-3672	-193	1228	378	456	7360	15832	-1166	-2695	2231	-12152	11192	920	-1266	31	486	-27248	3288	-12432	48	-1496	556	129	28	1
-8080	-4576	13628	25	217	134	-15928	-10952	-688	-167	1051	18	-17280	496	-4112	-561	1019	591	5784	3080	8552	254	-2394	1772	-7872	5632	1232	-1441	-534	824	-20888	-1072	-11000	-203	-2068	615	141	50	1
-8156	-5212	13020	-23	234	118	-15224	-9336	-728	-72	984	-29	-16864	-3256	-3280	-592	1157	1026	-1624	5720	11616	1015	-2339	1635	-6400	1128	-2584	-1252	-1111	1172	-16760	-1976	-11496	-223	-2285	478	140	61	1
-8320	-5184	12704	-49	174	47	-14032	-9312	-1080	-449	545	57	-16544	-1552	-3992	-471	1304	1076	-9264	8512	15656	981	-3204	1733	-6816	-1048	-5888	-1049	-1638	1581	-14848	-1424	-11208	-163	-2331	340	144	76	1
-9112	-5268	12672	-35	93	12	-12848	-10288	-1104	-711	279	144	-15168	-1840	-4072	-687	1463	1177	-9408	5392	15360	931	-4464	2104	-8952	-928	-4560	-798	-2294	2043	-12520	-1280	-10744	-103	-2395	219	136	92	1
-8724	-5204	12788	-31	60	16	-12768	-10600	-864	-746	226	163	-15584	-4768	-3152	-927	1484	1237	-6056	1512	11496	1240	-4913	2246	-11056	-208	-2112	-402	-2945	2328	-13904	1368	-9696	-134	-2430	227	132	107	1
-8548	-5372	12696	28	59	65	-11936	-12160	-600	-425	227	280	-15888	-5000	-2008	-682	1517	1256	-8472	1168	12368	1591	-4873	2075	-11456	272	-3320	-121	-3349	2551	-10920	1392	-11464	-289	-2567	47	127	199	1
-8536	-4920	12808	73	85	132	-13400	-10144	-472	-153	359	321	-15648	-2224	-216	-368	1574	1253	-11528	1920	14624	1678	-5032	1886	-13248	352	-4968	-131	-3641	2822	-10064	2048	-11440	-481	-2593	-24	131	203	1
-8208	-4572	13112	55	99	143	-13376	-9088	664	-248	262	315	-15400	-1216	720	-241	1588	1228	-12208	2792	13808	1825	-5076	1707	-13856	1592	-3792	-156	-3956	3060	-8800	2736	-11888	-779	-2481	-109	128	193	1
-8240	-4768	12720	43	124	171	-13232	-9880	272	-534	85	344	-14688	-1992	1128	-208	1700	1275	-12808	5368	13824	1950	-4624	1666	-16000	1592	-4360	-561	-4030	3342	-5384	896	-11840	-1091	-2299	-71	131	218	1
-8296	-4688	12948	51	144	204	-13552	-9896	608	-622	33	398	-14792	-2216	1472	-5	1918	1332	-15456	6880	16400	1967	-4034	2066	-19224	752	-4584	-1297	-4050	3561	-4280	-2536	-11152	-697	-1838	-149	131	206	1
-8644	-4136	12932	51	190	241	-13520	-9400	560	-611	166	396	-15680	-2144	2872	-60	2028	1357	-17040	5176	19720	1826	-3245	2607	-24072	-1264	-4936	-1766	-3982	3614	-2936	-2496	-8304	117	-1287	-214	133	195	1
-8472	-4268	13080	32	229	248	-12552	-9592	736	-592	301	421	-17064	-2712	1600	-465	1919	1289	-25272	3208	26520	1732	-2859	3087	-29384	-2656	-10104	-1717	-4048	3492	-6896	-880	-1992	711	-956	-152	130	179	1
-8712	-4244	12852	65	282	285	-12760	-9040	1112	-599	518	447	-16432	-1712	2312	-175	1596	1095	-30688	-5616	28184	1687	-2990	2750	-30128	-2248	-12016	-1159	-4196	3297	-13064	384	3336	559	-972	72	123	164	1
-8872	-4192	12828	44	277	319	-12376	-9104	1432	-782	698	521	-17544	-3568	376	139	1300	819	-32768	-9144	26168	1997	-3418	1798	-28192	-3376	-13696	-439	-4018	2817	-19568	-2144	8552	-80	-1189	359	127	150	1
-8456	-4360	13292	67	368	336	-12888	-9592	712	-755	899	599	-17760	-3280	528	-22	1055	702	-32768	-7544	20480	1860	-3945	929	-27688	-6248	-15376	107	-3561	2401	-16384	-7824	7096	612	-1055	463	127	151	1
-8632	-4648	13440	62	501	376	-14384	-10440	272	-746	1075	695	-17168	-1896	-496	-241	1029	716	-32768	-11536	4616	1770	-3605	336	-21792	-6864	-14456	1046	-3306	1968	-9512	-5936	13360	990	-861	647	127	158	1
-8980	-4404	14432	17	719	465	-16336	-10048	-224	-862	1138	806	-17208	-1472	-224	-445	979	770	-32768	-14432	-7320	1902	-2249	-247	-12848	-7056	-16240	1344	-2020	1447	-14184	-9808	21240	1035	-291	61	125	163	1
-9104	-4656	14252	87	1041	503	-15936	-9832	-432	-1054	1136	890	-18064	-1576	-272	-446	741	745	-32768	-12944	-10568	1206	-1042	-405	-8616	-8016	-15480	798	-280	486	-16472	-8408	19760	510	-62	-165	123	141	1
-8984	-4660	14332	91	1077	513	-15824	-9656	312	-1141	1328	963	-19832	-1648	208	-507	441	661	-32560	-12504	-7224	-47	281	-353	-12952	-8736	-14920	335	1062	-408	-15456	-4608	12560	-502	-166	-158	120	141	1
-9560	-4000	15204	101	1760	629	-17472	-10032	-88	-1128	1596	1070	-17568	-2888	2456	-276	4	623	-28880	-3136	-2056	-2200	1798	-999	-16896	-6744	-11880	192	1869	-930	-14288	-6568	6544	-1106	85	-176	119	121	1
-8976	-5728	15864	127	2248	758	-17864	-11408	440	-1240	1824	1151	-18928	-5288	6168	-240	-584	494	8968	1208	24992	-2194	1233	-252	-24080	14720	17992	373	1701	-1305	-21280	-1784	13016	-1815	-248	-43	120	122	1
